
     Z         PRESS      DEN     ProOH1    ProOH25    ProO3D    PO2D       PO2      PH2O      PO3D      PH2O2     FO3      FH2O      NumO2      NumOH      NumO1D
   5.000E+04 9.561E+05 2.429E+19 4.543E+05 3.730E+08 3.702E+06 0.000E+00 1.042E-10 1.363E-09 1.244E-04 7.274E-06 1.226E-09 1.127E-02 5.100E+15 4.258E+08 5.045E-03
   1.500E+05 8.500E+05 2.209E+19 3.844E+05 2.371E+08 4.835E+06 0.000E+00 1.089E-10 1.537E-09 1.379E-04 7.768E-06 1.587E-09 6.983E-03 4.739E+15 3.880E+08 7.530E-03
   2.500E+05 7.536E+05 2.006E+19 3.178E+05 1.450E+08 6.528E+06 0.000E+00 1.140E-10 1.741E-09 1.495E-04 8.216E-06 2.177E-09 4.153E-03 4.391E+15 3.371E+08 1.147E-02
   3.500E+05 6.662E+05 1.816E+19 2.445E+05 8.155E+07 9.056E+06 0.000E+00 1.197E-10 1.985E-09 1.587E-04 8.627E-06 3.141E-09 2.262E-03 4.054E+15 2.738E+08 1.779E-02
   4.500E+05 5.875E+05 1.629E+19 2.119E+05 5.268E+07 1.244E+07 0.000E+00 1.261E-10 2.282E-09 1.671E-04 9.006E-06 4.567E-09 1.417E-03 3.702E+15 2.367E+08 2.732E-02
   5.500E+05 5.168E+05 1.464E+19 1.763E+05 3.036E+07 1.864E+07 0.000E+00 1.334E-10 2.648E-09 1.742E-04 9.364E-06 7.310E-09 7.832E-04 3.381E+15 1.877E+08 4.551E-02
   6.500E+05 4.533E+05 1.318E+19 1.352E+05 1.533E+07 2.993E+07 0.000E+00 1.420E-10 3.112E-09 1.804E-04 9.717E-06 1.259E-08 3.740E-04 3.087E+15 1.357E+08 8.068E-02
   7.500E+05 3.962E+05 1.182E+19 9.603E+04 7.309E+06 4.794E+07 0.000E+00 1.524E-10 3.719E-09 1.867E-04 1.009E-05 2.171E-08 1.662E-04 2.803E+15 9.392E+07 1.427E-01
   8.500E+05 3.451E+05 1.058E+19 5.910E+04 3.210E+06 7.364E+07 0.000E+00 1.658E-10 4.538E-09 1.942E-04 1.052E-05 3.583E-08 6.685E-05 2.530E+15 6.251E+07 2.422E-01
   9.500E+05 2.989E+05 9.624E+18 1.698E+04 7.111E+05 1.094E+08 1.408-138 1.831E-10 5.666E-09 2.026E-04 1.104E-05 5.612E-08 1.304E-05 2.313E+15 3.000E+07 3.867E-01
   1.050E+06 2.568E+05 8.857E+18 1.753E+03 6.017E+04 1.603E+08 2.561-106 2.068E-10 7.288E-09 2.141E-04 1.173E-05 8.454E-08 9.321E-07 2.128E+15 1.076E+07 5.947E-01
   1.150E+06 2.194E+05 7.567E+18 2.456E+03 6.865E+04 2.246E+08 2.590E-92 2.408E-10 9.731E-09 2.445E-04 1.273E-05 1.214E-07 9.322E-07 1.818E+15 1.141E+07 9.752E-01
   1.250E+06 1.874E+05 6.465E+18 3.349E+03 7.957E+04 3.062E+08 2.391E-80 2.873E-10 1.320E-08 2.970E-04 1.418E-05 1.595E-07 9.323E-07 1.553E+15 1.400E+07 1.556E+00
   1.350E+06 1.601E+05 5.524E+18 4.184E+03 9.251E+04 3.825E+08 3.994E-70 3.485E-10 1.796E-08 3.916E-04 1.628E-05 1.768E-07 9.324E-07 1.326E+15 1.839E+07 2.275E+00
   1.450E+06 1.368E+05 4.720E+18 4.702E+03 1.058E+05 4.299E+08 2.171E-61 4.226E-10 2.403E-08 5.567E-04 1.917E-05 1.636E-07 9.324E-07 1.133E+15 2.457E+07 2.992E+00
   1.550E+06 1.169E+05 4.033E+18 4.782E+03 1.173E+05 4.373E+08 6.335E-54 5.038E-10 3.121E-08 8.112E-04 2.275E-05 1.337E-07 9.321E-07 9.687E+14 3.201E+07 3.563E+00
   1.650E+06 9.993E+04 3.447E+18 4.403E+03 1.261E+05 4.029E+08 1.524E-47 5.870E-10 3.928E-08 1.141E-03 2.673E-05 1.025E-07 9.314E-07 8.280E+14 3.940E+07 3.841E+00
   1.750E+06 8.540E+04 2.946E+18 3.713E+03 1.318E+05 3.403E+08 4.355E-42 6.694E-10 4.810E-08 1.503E-03 3.070E-05 7.688E-08 9.302E-07 7.077E+14 4.550E+07 3.796E+00
   1.850E+06 7.298E+04 2.517E+18 2.928E+03 1.346E+05 2.689E+08 2.022E-37 7.506E-10 5.760E-08 1.856E-03 3.435E-05 5.755E-08 9.283E-07 6.049E+14 4.982E+07 3.510E+00
   1.950E+06 6.238E+04 2.152E+18 2.205E+03 1.349E+05 2.031E+08 1.989E-33 8.312E-10 6.773E-08 2.177E-03 3.755E-05 4.335E-08 9.256E-07 5.170E+14 5.253E+07 3.102E+00
   2.050E+06 5.332E+04 1.839E+18 1.612E+03 1.330E+05 1.491E+08 5.196E-30 9.125E-10 7.845E-08 2.459E-03 4.025E-05 3.297E-08 9.221E-07 4.420E+14 5.397E+07 2.663E+00
   2.150E+06 4.557E+04 1.572E+18 1.157E+03 1.294E+05 1.074E+08 4.372E-27 9.957E-10 8.973E-08 2.699E-03 4.249E-05 2.532E-08 9.177E-07 3.778E+14 5.447E+07 2.246E+00
   2.250E+06 3.896E+04 1.344E+18 8.200E+02 1.245E+05 7.661E+07 1.396E-24 1.082E-09 1.016E-07 2.902E-03 4.431E-05 1.965E-08 9.124E-07 3.229E+14 5.428E+07 1.873E+00
   2.350E+06 3.330E+04 1.149E+18 5.770E+02 1.186E+05 5.428E+07 1.949E-22 1.173E-09 1.139E-07 3.071E-03 4.578E-05 1.539E-08 9.061E-07 2.761E+14 5.358E+07 1.553E+00
   2.450E+06 2.847E+04 9.820E+17 4.042E+02 1.119E+05 3.834E+07 1.340E-20 1.269E-09 1.268E-07 3.210E-03 4.697E-05 1.216E-08 8.988E-07 2.360E+14 5.251E+07 1.283E+00
   2.550E+06 2.434E+04 8.395E+17 2.824E+02 1.048E+05 2.704E+07 5.029E-19 1.372E-09 1.402E-07 3.325E-03 4.792E-05 9.686E-09 8.902E-07 2.018E+14 5.117E+07 1.058E+00
   2.650E+06 2.081E+04 7.178E+17 1.970E+02 9.735E+04 1.908E+07 1.125E-17 1.482E-09 1.541E-07 3.419E-03 4.869E-05 7.772E-09 8.804E-07 1.725E+14 4.963E+07 8.732E-01
   2.750E+06 1.779E+04 6.137E+17 1.374E+02 8.982E+04 1.347E+07 1.618E-16 1.602E-09 1.684E-07 3.497E-03 4.931E-05 6.279E-09 8.691E-07 1.475E+14 4.794E+07 7.214E-01
   2.850E+06 1.521E+04 5.248E+17 9.581E+01 8.230E+04 9.538E+06 1.593E-15 1.732E-09 1.832E-07 3.560E-03 4.982E-05 5.105E-09 8.562E-07 1.261E+14 4.613E+07 5.972E-01
   2.950E+06 1.301E+04 4.487E+17 6.687E+01 7.489E+04 6.774E+06 1.135E-14 1.876E-09 1.983E-07 3.613E-03 5.024E-05 4.178E-09 8.415E-07 1.079E+14 4.424E+07 4.960E-01
   3.050E+06 1.112E+04 3.837E+17 4.673E+01 6.768E+04 4.830E+06 6.132E-14 2.035E-09 2.139E-07 3.657E-03 5.059E-05 3.441E-09 8.247E-07 9.224E+13 4.229E+07 4.135E-01
   3.150E+06 9.514E+03 3.282E+17 3.270E+01 6.079E+04 3.459E+06 2.613E-13 2.212E-09 2.299E-07 3.694E-03 5.087E-05 2.853E-09 8.060E-07 7.888E+13 4.030E+07 3.463E-01
   3.250E+06 8.136E+03 2.806E+17 2.292E+01 5.436E+04 2.489E+06 9.093E-13 2.413E-09 2.468E-07 3.724E-03 5.112E-05 2.381E-09 7.849E-07 6.747E+13 3.831E+07 2.915E-01
   3.350E+06 6.959E+03 2.400E+17 1.608E+01 4.856E+04 1.799E+06 2.659E-12 2.640E-09 2.658E-07 3.750E-03 5.132E-05 1.999E-09 7.612E-07 5.770E+13 3.636E+07 2.465E-01
   3.450E+06 5.952E+03 2.053E+17 1.128E+01 4.357E+04 1.305E+06 6.697E-12 2.900E-09 2.887E-07 3.772E-03 5.150E-05 1.685E-09 7.351E-07 4.936E+13 3.454E+07 2.094E-01
   3.550E+06 5.091E+03 1.756E+17 7.909E+00 3.955E+04 9.483E+05 1.485E-11 3.198E-09 3.188E-07 3.790E-03 5.164E-05 1.425E-09 7.064E-07 4.222E+13 3.291E+07 1.786E-01
   3.650E+06 4.355E+03 1.502E+17 5.541E+00 3.654E+04 6.889E+05 2.958E-11 3.538E-09 3.601E-07 3.806E-03 5.177E-05 1.205E-09 6.755E-07 3.612E+13 3.152E+07 1.529E-01
   3.750E+06 3.725E+03 1.285E+17 3.887E+00 3.443E+04 5.001E+05 5.387E-11 3.925E-09 4.172E-07 3.819E-03 5.188E-05 1.019E-09 6.422E-07 3.090E+13 3.038E+07 1.319E-01
   3.850E+06 3.187E+03 1.099E+17 2.744E+00 3.296E+04 3.631E+05 9.158E-11 4.363E-09 4.944E-07 3.830E-03 5.198E-05 8.624E-10 6.065E-07 2.643E+13 2.942E+07 1.153E-01
   3.950E+06 2.726E+03 9.404E+16 1.963E+00 3.182E+04 2.642E+05 1.487E-10 4.853E-09 5.953E-07 3.840E-03 5.206E-05 7.318E-10 5.684E-07 2.262E+13 2.854E+07 1.029E-01
   4.050E+06 2.333E+03 8.046E+16 1.434E+00 3.066E+04 1.934E+05 2.366E-10 5.400E-09 7.219E-07 3.848E-03 5.213E-05 6.248E-10 5.279E-07 1.935E+13 2.761E+07 9.459E-02
   4.150E+06 1.996E+03 6.884E+16 1.077E+00 2.918E+04 1.430E+05 3.762E-10 6.005E-09 8.742E-07 3.854E-03 5.219E-05 5.389E-10 4.850E-07 1.656E+13 2.650E+07 9.033E-02
   4.250E+06 1.708E+03 5.890E+16 8.328E-01 2.723E+04 1.072E+05 6.037E-10 6.671E-09 1.051E-06 3.860E-03 5.225E-05 4.713E-10 4.400E-07 1.417E+13 2.515E+07 9.000E-02
   4.350E+06 1.461E+03 5.040E+16 6.632E-01 2.477E+04 8.171E+04 9.741E-10 7.403E-09 1.248E-06 3.865E-03 5.229E-05 4.194E-10 3.938E-07 1.213E+13 2.352E+07 9.360E-02
   4.450E+06 1.250E+03 4.313E+16 5.407E-01 2.186E+04 6.363E+04 1.561E-09 8.206E-09 1.462E-06 3.870E-03 5.234E-05 3.813E-10 3.466E-07 1.039E+13 2.160E+07 1.013E-01
   4.550E+06 1.070E+03 3.691E+16 4.469E-01 1.863E+04 5.081E+04 2.452E-09 9.086E-09 1.688E-06 3.873E-03 5.237E-05 3.554E-10 2.989E-07 8.894E+12 1.941E+07 1.134E-01
   4.650E+06 9.158E+02 3.159E+16 3.710E-01 1.530E+04 4.175E+04 3.744E-09 1.005E-08 1.922E-06 3.876E-03 5.241E-05 3.410E-10 2.521E-07 7.619E+12 1.705E+07 1.305E-01
   4.750E+06 7.837E+02 2.703E+16 3.064E-01 1.209E+04 3.546E+04 5.534E-09 1.111E-08 2.159E-06 3.879E-03 5.244E-05 3.382E-10 2.072E-07 6.530E+12 1.461E+07 1.532E-01
   4.850E+06 6.708E+02 2.314E+16 2.494E-01 9.179E+03 3.133E+04 7.920E-09 1.226E-08 2.398E-06 3.881E-03 5.246E-05 3.489E-10 1.654E-07 5.599E+12 1.216E+07 1.825E-01
   4.950E+06 5.742E+02 1.980E+16 1.991E-01 6.694E+03 2.897E+04 1.101E-08 1.352E-08 2.637E-06 3.883E-03 5.249E-05 3.767E-10 1.282E-07 4.805E+12 9.783E+06 2.196E-01
   5.050E+06 4.915E+02 1.695E+16 1.558E-01 4.707E+03 2.819E+04 1.491E-08 1.487E-08 2.874E-06 3.885E-03 5.251E-05 4.280E-10 9.661E-08 4.127E+12 7.564E+06 2.664E-01
   5.150E+06 4.207E+02 1.451E+16 1.201E-01 3.217E+03 2.885E+04 1.976E-08 1.634E-08 3.110E-06 3.886E-03 5.253E-05 5.116E-10 7.127E-08 3.547E+12 5.598E+06 3.252E-01
   5.250E+06 3.601E+02 1.242E+16 9.193E-02 2.161E+03 3.067E+04 2.571E-08 1.789E-08 3.344E-06 3.888E-03 5.255E-05 6.351E-10 5.202E-08 3.051E+12 3.988E+06 3.985E-01
   5.350E+06 3.083E+02 1.064E+16 7.031E-02 1.437E+03 3.364E+04 3.295E-08 1.953E-08 3.575E-06 3.889E-03 5.256E-05 8.133E-10 3.781E-08 2.625E+12 2.776E+06 4.898E-01
   5.450E+06 2.640E+02 9.105E+15 5.505E-02 9.426E+02 4.285E+04 4.166E-08 2.125E-08 3.803E-06 3.890E-03 5.258E-05 1.210E-09 2.722E-08 2.259E+12 1.740E+06 6.221E-01
   5.550E+06 2.260E+02 7.796E+15 4.572E-02 6.043E+02 6.857E+04 5.210E-08 2.302E-08 4.026E-06 3.891E-03 5.259E-05 2.261E-09 1.925E-08 1.944E+12 8.691E+05 8.532E-01
   5.650E+06 1.935E+02 6.675E+15 3.864E-02 3.819E+02 1.066E+05 6.455E-08 2.483E-08 4.246E-06 3.891E-03 5.260E-05 4.103E-09 1.348E-08 1.670E+12 4.275E+05 1.203E+00
   5.750E+06 1.657E+02 5.715E+15 3.146E-02 2.408E+02 1.427E+05 7.937E-08 2.665E-08 4.460E-06 3.892E-03 5.262E-05 6.413E-09 9.445E-09 1.431E+12 2.352E+05 1.632E+00
   5.850E+06 1.419E+02 4.894E+15 2.436E-02 1.519E+02 1.682E+05 9.701E-08 2.848E-08 4.669E-06 3.893E-03 5.263E-05 8.828E-09 6.646E-09 1.223E+12 1.408E+05 2.098E+00
   5.950E+06 1.215E+02 4.191E+15 1.802E-02 9.604E+01 1.800E+05 1.180E-07 3.028E-08 4.874E-06 3.894E-03 5.264E-05 1.103E-08 4.702E-09 1.041E+12 8.842E+04 2.561E+00
   6.050E+06 1.041E+02 3.589E+15 1.286E-02 6.114E+01 1.780E+05 1.431E-07 3.204E-08 5.073E-06 3.895E-03 5.265E-05 1.273E-08 3.358E-09 8.828E+11 5.681E+04 2.990E+00
   6.150E+06 8.912E+01 3.074E+15 8.966E-03 3.925E+01 1.652E+05 1.733E-07 3.375E-08 5.268E-06 3.895E-03 5.266E-05 1.380E-08 2.424E-09 7.454E+11 3.683E+04 3.370E+00
   6.250E+06 7.633E+01 2.633E+15 6.162E-03 2.543E+01 1.455E+05 2.097E-07 3.539E-08 5.457E-06 3.896E-03 5.267E-05 1.419E-08 1.770E-09 6.265E+11 2.390E+04 3.703E+00
   6.350E+06 6.538E+01 2.255E+15 4.220E-03 1.667E+01 1.225E+05 2.542E-07 3.694E-08 5.641E-06 3.897E-03 5.268E-05 1.394E-08 1.310E-09 5.241E+11 1.546E+04 4.000E+00
   6.450E+06 5.600E+01 1.932E+15 2.901E-03 1.104E+01 9.912E+04 3.084E-07 3.838E-08 5.820E-06 3.897E-03 5.269E-05 1.317E-08 9.818E-10 4.363E+11 9.941E+03 4.284E+00
   6.550E+06 4.797E+01 1.655E+15 2.010E-03 7.369E+00 7.758E+04 3.744E-07 3.972E-08 5.991E-06 3.897E-03 5.269E-05 1.203E-08 7.434E-10 3.614E+11 6.348E+03 4.578E+00
   6.650E+06 4.109E+01 1.417E+15 1.409E-03 4.963E+00 5.886E+04 4.535E-07 4.094E-08 6.156E-06 3.898E-03 5.270E-05 1.066E-08 5.688E-10 2.978E+11 4.023E+03 4.895E+00
   6.750E+06 3.520E+01 1.214E+15 1.000E-03 3.373E+00 4.340E+04 5.463E-07 4.202E-08 6.313E-06 3.898E-03 5.270E-05 9.171E-09 4.400E-10 2.443E+11 2.531E+03 5.243E+00
   6.850E+06 3.016E+01 1.040E+15 7.187E-04 2.314E+00 3.118E+04 6.523E-07 4.298E-08 6.462E-06 3.898E-03 5.271E-05 7.689E-09 3.443E-10 1.996E+11 1.581E+03 5.620E+00
   6.950E+06 2.584E+01 8.913E+14 5.220E-04 1.604E+00 2.187E+04 7.700E-07 4.381E-08 6.601E-06 3.898E-03 5.271E-05 6.295E-09 2.726E-10 1.625E+11 9.819E+02 6.016E+00
   7.050E+06 2.214E+01 7.636E+14 3.826E-04 1.124E+00 1.502E+04 8.970E-07 4.452E-08 6.731E-06 3.898E-03 5.271E-05 5.046E-09 2.187E-10 1.320E+11 6.068E+02 6.417E+00
   7.150E+06 1.897E+01 6.543E+14 2.830E-04 7.976E-01 1.013E+04 1.030E-06 4.513E-08 6.851E-06 3.898E-03 5.271E-05 3.972E-09 1.779E-10 1.071E+11 3.738E+02 6.808E+00
   7.250E+06 1.625E+01 5.607E+14 2.092E-04 5.693E-01 6.731E+03 1.167E-06 4.563E-08 6.961E-06 3.899E-03 5.271E-05 3.080E-09 1.459E-10 8.662E+10 2.293E+02 7.162E+00
   7.350E+06 1.393E+01 4.805E+14 1.528E-04 4.056E-01 4.415E+03 1.304E-06 4.606E-08 7.061E-06 3.899E-03 5.272E-05 2.357E-09 1.196E-10 6.974E+10 1.397E+02 7.448E+00
   7.450E+06 1.194E+01 4.117E+14 1.101E-04 2.882E-01 2.860E+03 1.438E-06 4.641E-08 7.150E-06 3.899E-03 5.272E-05 1.782E-09 9.790E-11 5.589E+10 8.467E+01 7.651E+00
   7.550E+06 1.023E+01 3.529E+14 7.834E-05 2.043E-01 1.831E+03 1.567E-06 4.669E-08 7.229E-06 3.899E-03 5.272E-05 1.331E-09 8.008E-11 4.460E+10 5.108E+01 7.766E+00
   7.650E+06 8.768E+00 3.024E+14 5.508E-05 1.445E-01 1.159E+03 1.690E-06 4.692E-08 7.299E-06 3.899E-03 5.272E-05 9.829E-10 6.545E-11 3.545E+10 3.071E+01 7.793E+00
   7.750E+06 7.515E+00 2.592E+14 3.830E-05 1.020E-01 7.259E+02 1.805E-06 4.711E-08 7.360E-06 3.899E-03 5.272E-05 7.183E-10 5.347E-11 2.808E+10 1.842E+01 7.739E+00
   7.850E+06 6.441E+00 2.222E+14 2.637E-05 7.192E-02 4.504E+02 1.911E-06 4.725E-08 7.413E-06 3.899E-03 5.272E-05 5.199E-10 4.367E-11 2.218E+10 1.104E+01 7.611E+00
   7.950E+06 5.521E+00 1.904E+14 1.799E-05 5.065E-02 2.770E+02 2.007E-06 4.737E-08 7.457E-06 3.899E-03 5.272E-05 3.731E-10 3.566E-11 1.747E+10 6.628E+00 7.420E+00
   8.050E+06 4.733E+00 1.633E+14 1.219E-05 3.564E-02 1.691E+02 2.092E-06 4.747E-08 7.495E-06 3.899E-03 5.272E-05 2.656E-10 2.912E-11 1.373E+10 3.991E+00 7.178E+00
   8.150E+06 4.057E+00 1.400E+14 8.199E-06 2.506E-02 1.025E+02 2.166E-06 4.754E-08 7.527E-06 3.899E-03 5.272E-05 1.878E-10 2.379E-11 1.076E+10 2.417E+00 6.896E+00
   8.250E+06 3.478E+00 1.200E+14 5.487E-06 1.762E-02 6.175E+01 2.230E-06 4.760E-08 7.553E-06 3.899E-03 5.272E-05 1.320E-10 1.944E-11 8.428E+09 1.478E+00 6.587E+00
   8.350E+06 2.982E+00 1.029E+14 3.657E-06 1.239E-02 3.702E+01 2.285E-06 4.764E-08 7.575E-06 3.899E-03 5.272E-05 9.230E-11 1.590E-11 6.590E+09 9.166E-01 6.261E+00
   8.450E+06 2.557E+00 8.820E+13 2.430E-06 8.717E-03 2.210E+01 2.331E-06 4.768E-08 7.593E-06 3.899E-03 5.272E-05 6.426E-11 1.302E-11 5.148E+09 5.790E-01 5.928E+00
   8.550E+06 2.192E+00 7.562E+13 1.612E-06 6.137E-03 1.314E+01 2.369E-06 4.771E-08 7.607E-06 3.899E-03 5.272E-05 4.457E-11 1.067E-11 4.018E+09 3.746E-01 5.595E+00
   8.650E+06 1.880E+00 6.484E+13 1.068E-06 4.325E-03 7.792E+00 2.401E-06 4.773E-08 7.619E-06 3.899E-03 5.272E-05 3.082E-11 8.755E-12 3.134E+09 2.496E-01 5.268E+00
   8.750E+06 1.612E+00 5.560E+13 7.075E-07 3.053E-03 4.610E+00 2.427E-06 4.775E-08 7.629E-06 3.899E-03 5.272E-05 2.126E-11 7.197E-12 2.443E+09 1.721E-01 4.951E+00
   8.850E+06 1.382E+00 4.768E+13 4.691E-07 2.159E-03 2.722E+00 2.448E-06 4.776E-08 7.637E-06 3.899E-03 5.272E-05 1.464E-11 5.928E-12 1.904E+09 1.231E-01 4.648E+00
   8.950E+06 1.186E+00 4.089E+13 3.116E-07 1.530E-03 1.605E+00 2.465E-06 4.777E-08 7.643E-06 3.899E-03 5.272E-05 1.007E-11 4.895E-12 1.484E+09 9.136E-02 4.359E+00
   9.050E+06 1.017E+00 3.507E+13 2.074E-07 1.087E-03 9.460E-01 2.479E-06 4.778E-08 7.648E-06 3.899E-03 5.272E-05 6.918E-12 4.054E-12 1.156E+09 7.020E-02 4.086E+00
   9.150E+06 8.720E-01 3.008E+13 1.385E-07 7.754E-04 5.571E-01 2.490E-06 4.778E-08 7.652E-06 3.899E-03 5.272E-05 4.750E-12 3.369E-12 9.002E+08 5.561E-02 3.828E+00
   9.250E+06 7.480E-01 2.580E+13 9.287E-08 5.554E-04 3.280E-01 2.499E-06 4.779E-08 7.655E-06 3.899E-03 5.272E-05 3.260E-12 2.812E-12 7.008E+08 4.519E-02 3.585E+00
   9.350E+06 6.416E-01 2.213E+13 6.259E-08 4.000E-04 1.930E-01 2.507E-06 4.779E-08 7.658E-06 3.899E-03 5.272E-05 2.237E-12 2.360E-12 5.453E+08 3.746E-02 3.356E+00
   9.450E+06 5.503E-01 1.898E+13 4.245E-08 2.902E-04 1.136E-01 2.513E-06 4.780E-08 7.660E-06 3.899E-03 5.272E-05 1.535E-12 1.995E-12 4.240E+08 3.153E-02 3.139E+00
   9.550E+06 4.721E-01 1.628E+13 2.904E-08 2.125E-04 6.686E-02 2.517E-06 4.780E-08 7.662E-06 3.899E-03 5.272E-05 1.053E-12 1.703E-12 3.292E+08 2.683E-02 2.933E+00
   9.650E+06 4.050E-01 1.397E+13 2.009E-08 1.575E-04 3.932E-02 2.521E-06 4.780E-08 7.663E-06 3.899E-03 5.272E-05 7.218E-13 1.471E-12 2.551E+08 2.299E-02 2.738E+00
   9.750E+06 3.475E-01 1.199E+13 1.409E-08 1.187E-04 2.309E-02 2.524E-06 4.780E-08 7.665E-06 3.899E-03 5.272E-05 4.942E-13 1.292E-12 1.971E+08 1.980E-02 2.550E+00
   9.850E+06 2.981E-01 1.028E+13 1.008E-08 9.132E-05 1.353E-02 2.527E-06 4.780E-08 7.666E-06 3.899E-03 5.272E-05 3.376E-13 1.159E-12 1.517E+08 1.708E-02 2.369E+00
   9.950E+06 2.558E-01 8.823E+12 7.375E-09 7.221E-05 7.969E-03 2.529E-06 4.780E-08 7.666E-06 3.899E-03 5.272E-05 2.317E-13 1.068E-12 1.160E+08 1.475E-02 2.193E+00
