
     Z         PRESS      DEN     ProOH1    ProOH25    ProO3D    PO2D       PO2      PH2O      PO3D      PH2O2     FO3      FH2O      NumO2      NumOH      NumO1D
   5.000E+04 9.561E+05 2.429E+19 4.930E+05 3.940E+08 4.018E+06 0.000E+00 1.110E-10 1.440E-09 1.358E-04 7.640E-06 1.218E-09 1.127E-02 5.100E+15 4.464E+08 5.476E-03
   1.500E+05 8.500E+05 2.209E+19 4.136E+05 2.507E+08 5.202E+06 0.000E+00 1.159E-10 1.625E-09 1.507E-04 8.155E-06 1.563E-09 6.983E-03 4.739E+15 4.069E+08 8.103E-03
   2.500E+05 7.536E+05 2.006E+19 3.388E+05 1.534E+08 6.959E+06 0.000E+00 1.214E-10 1.842E-09 1.635E-04 8.622E-06 2.122E-09 4.153E-03 4.391E+15 3.539E+08 1.222E-02
   3.500E+05 6.662E+05 1.816E+19 2.584E+05 8.634E+07 9.568E+06 0.000E+00 1.274E-10 2.102E-09 1.738E-04 9.050E-06 3.031E-09 2.262E-03 4.054E+15 2.882E+08 1.880E-02
   4.500E+05 5.875E+05 1.629E+19 2.218E+05 5.581E+07 1.301E+07 0.000E+00 1.342E-10 2.418E-09 1.831E-04 9.446E-06 4.362E-09 1.417E-03 3.702E+15 2.497E+08 2.859E-02
   5.500E+05 5.168E+05 1.464E+19 1.831E+05 3.218E+07 1.936E+07 0.000E+00 1.419E-10 2.807E-09 1.911E-04 9.820E-06 6.919E-09 7.832E-04 3.381E+15 1.989E+08 4.726E-02
   6.500E+05 4.533E+05 1.318E+19 1.400E+05 1.626E+07 3.099E+07 0.000E+00 1.510E-10 3.299E-09 1.981E-04 1.019E-05 1.187E-08 3.740E-04 3.087E+15 1.446E+08 8.355E-02
   7.500E+05 3.962E+05 1.182E+19 9.986E+04 7.750E+06 4.986E+07 0.000E+00 1.620E-10 3.944E-09 2.054E-04 1.058E-05 2.053E-08 1.662E-04 2.803E+15 1.003E+08 1.484E-01
   8.500E+05 3.451E+05 1.058E+19 6.186E+04 3.403E+06 7.709E+07 0.000E+00 1.761E-10 4.810E-09 2.140E-04 1.104E-05 3.404E-08 6.685E-05 2.530E+15 6.687E+07 2.535E-01
   9.500E+05 2.989E+05 9.624E+18 1.792E+04 7.533E+05 1.155E+08 1.479-138 1.945E-10 6.002E-09 2.240E-04 1.160E-05 5.358E-08 1.304E-05 2.313E+15 3.223E+07 4.082E-01
   1.050E+06 2.568E+05 8.857E+18 1.864E+03 6.366E+04 1.705E+08 2.676-106 2.196E-10 7.711E-09 2.383E-04 1.235E-05 8.079E-08 9.321E-07 2.128E+15 1.152E+07 6.324E-01
   1.150E+06 2.194E+05 7.567E+18 2.613E+03 7.246E+04 2.389E+08 2.693E-92 2.556E-10 1.027E-08 2.746E-04 1.346E-05 1.150E-07 9.322E-07 1.818E+15 1.219E+07 1.037E+00
   1.250E+06 1.874E+05 6.465E+18 3.540E+03 8.363E+04 3.237E+08 2.475E-80 3.045E-10 1.388E-08 3.384E-04 1.507E-05 1.480E-07 9.323E-07 1.553E+15 1.490E+07 1.645E+00
   1.350E+06 1.601E+05 5.524E+18 4.352E+03 9.651E+04 3.979E+08 4.119E-70 3.680E-10 1.874E-08 4.540E-04 1.740E-05 1.587E-07 9.323E-07 1.327E+15 1.947E+07 2.367E+00
   1.450E+06 1.368E+05 4.720E+18 4.734E+03 1.092E+05 4.329E+08 2.232E-61 4.427E-10 2.482E-08 6.500E-04 2.052E-05 1.411E-07 9.322E-07 1.134E+15 2.573E+07 3.013E+00
   1.550E+06 1.169E+05 4.033E+18 4.590E+03 1.200E+05 4.198E+08 6.492E-54 5.222E-10 3.192E-08 9.321E-04 2.424E-05 1.117E-07 9.319E-07 9.689E+14 3.283E+07 3.420E+00
   1.650E+06 9.993E+04 3.447E+18 4.040E+03 1.279E+05 3.698E+08 1.557E-47 6.021E-10 3.984E-08 1.270E-03 2.816E-05 8.447E-08 9.312E-07 8.281E+14 3.950E+07 3.525E+00
   1.750E+06 8.540E+04 2.946E+18 3.315E+03 1.329E+05 3.039E+08 4.438E-42 6.806E-10 4.851E-08 1.620E-03 3.192E-05 6.367E-08 9.299E-07 7.078E+14 4.487E+07 3.390E+00
   1.850E+06 7.298E+04 2.517E+18 2.592E+03 1.352E+05 2.381E+08 2.055E-37 7.583E-10 5.788E-08 1.952E-03 3.531E-05 4.846E-08 9.279E-07 6.049E+14 4.875E+07 3.108E+00
   1.950E+06 6.238E+04 2.152E+18 1.962E+03 1.352E+05 1.808E+08 2.017E-33 8.363E-10 6.792E-08 2.251E-03 3.826E-05 3.733E-08 9.251E-07 5.171E+14 5.131E+07 2.761E+00
   2.050E+06 5.332E+04 1.839E+18 1.453E+03 1.332E+05 1.344E+08 5.257E-30 9.157E-10 7.857E-08 2.513E-03 4.077E-05 2.908E-08 9.216E-07 4.420E+14 5.280E+07 2.402E+00
   2.150E+06 4.557E+04 1.572E+18 1.060E+03 1.295E+05 9.849E+07 4.415E-27 9.976E-10 8.980E-08 2.740E-03 4.286E-05 2.287E-08 9.172E-07 3.778E+14 5.344E+07 2.059E+00
   2.250E+06 3.896E+04 1.344E+18 7.642E+02 1.245E+05 7.144E+07 1.408E-24 1.083E-09 1.016E-07 2.933E-03 4.459E-05 1.813E-08 9.118E-07 3.229E+14 5.343E+07 1.747E+00
   2.350E+06 3.330E+04 1.149E+18 5.464E+02 1.185E+05 5.144E+07 1.962E-22 1.173E-09 1.139E-07 3.095E-03 4.600E-05 1.447E-08 9.055E-07 2.761E+14 5.291E+07 1.471E+00
   2.450E+06 2.847E+04 9.820E+17 3.881E+02 1.118E+05 3.683E+07 1.347E-20 1.269E-09 1.268E-07 3.230E-03 4.715E-05 1.161E-08 8.982E-07 2.360E+14 5.201E+07 1.232E+00
   2.550E+06 2.434E+04 8.395E+17 2.742E+02 1.047E+05 2.627E+07 5.052E-19 1.372E-09 1.402E-07 3.343E-03 4.808E-05 9.362E-09 8.897E-07 2.018E+14 5.080E+07 1.028E+00
   2.650E+06 2.081E+04 7.178E+17 1.930E+02 9.729E+04 1.870E+07 1.130E-17 1.482E-09 1.541E-07 3.435E-03 4.884E-05 7.582E-09 8.798E-07 1.725E+14 4.936E+07 8.558E-01
   2.750E+06 1.779E+04 6.137E+17 1.354E+02 8.977E+04 1.329E+07 1.623E-16 1.602E-09 1.684E-07 3.512E-03 4.946E-05 6.166E-09 8.685E-07 1.475E+14 4.774E+07 7.116E-01
   2.850E+06 1.521E+04 5.248E+17 9.489E+01 8.225E+04 9.452E+06 1.597E-15 1.732E-09 1.832E-07 3.575E-03 4.996E-05 5.038E-09 8.557E-07 1.261E+14 4.599E+07 5.919E-01
   2.950E+06 1.301E+04 4.487E+17 6.644E+01 7.484E+04 6.734E+06 1.138E-14 1.876E-09 1.983E-07 3.628E-03 5.038E-05 4.137E-09 8.410E-07 1.079E+14 4.413E+07 4.931E-01
   3.050E+06 1.112E+04 3.837E+17 4.653E+01 6.764E+04 4.812E+06 6.143E-14 2.035E-09 2.139E-07 3.672E-03 5.072E-05 3.416E-09 8.242E-07 9.224E+13 4.220E+07 4.120E-01
   3.150E+06 9.514E+03 3.282E+17 3.262E+01 6.076E+04 3.451E+06 2.617E-13 2.212E-09 2.299E-07 3.708E-03 5.101E-05 2.836E-09 8.055E-07 7.888E+13 4.023E+07 3.456E-01
   3.250E+06 8.136E+03 2.806E+17 2.288E+01 5.433E+04 2.486E+06 9.103E-13 2.413E-09 2.468E-07 3.739E-03 5.125E-05 2.369E-09 7.844E-07 6.747E+13 3.825E+07 2.911E-01
   3.350E+06 6.959E+03 2.400E+17 1.606E+01 4.853E+04 1.798E+06 2.661E-12 2.640E-09 2.658E-07 3.764E-03 5.146E-05 1.990E-09 7.608E-07 5.770E+13 3.632E+07 2.464E-01
   3.450E+06 5.952E+03 2.053E+17 1.127E+01 4.355E+04 1.305E+06 6.703E-12 2.900E-09 2.887E-07 3.786E-03 5.163E-05 1.679E-09 7.347E-07 4.936E+13 3.450E+07 2.094E-01
   3.550E+06 5.091E+03 1.756E+17 7.906E+00 3.953E+04 9.485E+05 1.486E-11 3.198E-09 3.188E-07 3.804E-03 5.178E-05 1.420E-09 7.060E-07 4.222E+13 3.287E+07 1.786E-01
   3.650E+06 4.355E+03 1.502E+17 5.540E+00 3.652E+04 6.892E+05 2.959E-11 3.538E-09 3.601E-07 3.820E-03 5.190E-05 1.201E-09 6.751E-07 3.612E+13 3.150E+07 1.530E-01
   3.750E+06 3.725E+03 1.285E+17 3.887E+00 3.441E+04 5.004E+05 5.389E-11 3.925E-09 4.172E-07 3.833E-03 5.201E-05 1.016E-09 6.419E-07 3.090E+13 3.036E+07 1.320E-01
   3.850E+06 3.187E+03 1.099E+17 2.744E+00 3.295E+04 3.633E+05 9.161E-11 4.363E-09 4.945E-07 3.844E-03 5.211E-05 8.598E-10 6.062E-07 2.643E+13 2.940E+07 1.153E-01
   3.950E+06 2.726E+03 9.404E+16 1.963E+00 3.181E+04 2.644E+05 1.488E-10 4.853E-09 5.954E-07 3.853E-03 5.219E-05 7.296E-10 5.681E-07 2.262E+13 2.852E+07 1.029E-01
   4.050E+06 2.333E+03 8.046E+16 1.434E+00 3.065E+04 1.935E+05 2.366E-10 5.400E-09 7.219E-07 3.861E-03 5.226E-05 6.230E-10 5.276E-07 1.935E+13 2.759E+07 9.464E-02
   4.150E+06 1.996E+03 6.884E+16 1.077E+00 2.917E+04 1.431E+05 3.762E-10 6.005E-09 8.743E-07 3.868E-03 5.232E-05 5.373E-10 4.847E-07 1.656E+13 2.649E+07 9.038E-02
   4.250E+06 1.708E+03 5.890E+16 8.327E-01 2.722E+04 1.072E+05 6.038E-10 6.671E-09 1.051E-06 3.874E-03 5.238E-05 4.700E-10 4.397E-07 1.417E+13 2.513E+07 9.005E-02
   4.350E+06 1.461E+03 5.040E+16 6.631E-01 2.476E+04 8.176E+04 9.742E-10 7.403E-09 1.248E-06 3.879E-03 5.242E-05 4.182E-10 3.935E-07 1.213E+13 2.351E+07 9.364E-02
   4.450E+06 1.250E+03 4.313E+16 5.405E-01 2.185E+04 6.367E+04 1.561E-09 8.206E-09 1.462E-06 3.883E-03 5.247E-05 3.802E-10 3.464E-07 1.039E+13 2.159E+07 1.013E-01
   4.550E+06 1.070E+03 3.691E+16 4.467E-01 1.861E+04 5.085E+04 2.452E-09 9.086E-09 1.688E-06 3.887E-03 5.250E-05 3.544E-10 2.987E-07 8.894E+12 1.940E+07 1.135E-01
   4.650E+06 9.158E+02 3.159E+16 3.709E-01 1.529E+04 4.178E+04 3.744E-09 1.005E-08 1.922E-06 3.890E-03 5.254E-05 3.400E-10 2.519E-07 7.619E+12 1.704E+07 1.306E-01
   4.750E+06 7.837E+02 2.703E+16 3.063E-01 1.209E+04 3.549E+04 5.534E-09 1.111E-08 2.159E-06 3.893E-03 5.257E-05 3.373E-10 2.071E-07 6.530E+12 1.460E+07 1.532E-01
   4.850E+06 6.708E+02 2.314E+16 2.493E-01 9.172E+03 3.136E+04 7.920E-09 1.226E-08 2.398E-06 3.895E-03 5.259E-05 3.480E-10 1.653E-07 5.599E+12 1.215E+07 1.825E-01
   4.950E+06 5.742E+02 1.980E+16 1.990E-01 6.690E+03 2.900E+04 1.101E-08 1.352E-08 2.637E-06 3.897E-03 5.262E-05 3.758E-10 1.281E-07 4.805E+12 9.777E+06 2.196E-01
   5.050E+06 4.915E+02 1.695E+16 1.557E-01 4.704E+03 2.822E+04 1.491E-08 1.487E-08 2.874E-06 3.899E-03 5.264E-05 4.271E-10 9.654E-08 4.127E+12 7.558E+06 2.665E-01
   5.150E+06 4.207E+02 1.451E+16 1.200E-01 3.214E+03 2.890E+04 1.976E-08 1.634E-08 3.110E-06 3.900E-03 5.266E-05 5.106E-10 7.122E-08 3.547E+12 5.594E+06 3.253E-01
   5.250E+06 3.601E+02 1.242E+16 9.190E-02 2.159E+03 3.072E+04 2.571E-08 1.789E-08 3.344E-06 3.901E-03 5.268E-05 6.339E-10 5.198E-08 3.051E+12 3.985E+06 3.986E-01
   5.350E+06 3.083E+02 1.064E+16 7.029E-02 1.436E+03 3.370E+04 3.295E-08 1.953E-08 3.575E-06 3.902E-03 5.269E-05 8.120E-10 3.778E-08 2.625E+12 2.774E+06 4.900E-01
   5.450E+06 2.640E+02 9.105E+15 5.505E-02 9.419E+02 4.296E+04 4.166E-08 2.125E-08 3.803E-06 3.903E-03 5.271E-05 1.209E-09 2.720E-08 2.259E+12 1.738E+06 6.225E-01
   5.550E+06 2.260E+02 7.796E+15 4.574E-02 6.039E+02 6.879E+04 5.210E-08 2.302E-08 4.026E-06 3.904E-03 5.272E-05 2.260E-09 1.924E-08 1.944E+12 8.678E+05 8.541E-01
   5.650E+06 1.935E+02 6.675E+15 3.866E-02 3.817E+02 1.069E+05 6.456E-08 2.483E-08 4.246E-06 3.905E-03 5.273E-05 4.102E-09 1.347E-08 1.670E+12 4.269E+05 1.205E+00
   5.750E+06 1.657E+02 5.715E+15 3.149E-02 2.406E+02 1.431E+05 7.938E-08 2.665E-08 4.460E-06 3.906E-03 5.275E-05 6.409E-09 9.438E-09 1.431E+12 2.348E+05 1.635E+00
   5.850E+06 1.419E+02 4.894E+15 2.438E-02 1.518E+02 1.687E+05 9.701E-08 2.848E-08 4.669E-06 3.907E-03 5.276E-05 8.821E-09 6.641E-09 1.223E+12 1.406E+05 2.101E+00
   5.950E+06 1.215E+02 4.191E+15 1.803E-02 9.597E+01 1.804E+05 1.180E-07 3.028E-08 4.874E-06 3.908E-03 5.277E-05 1.102E-08 4.698E-09 1.041E+12 8.828E+04 2.564E+00
   6.050E+06 1.041E+02 3.589E+15 1.287E-02 6.110E+01 1.784E+05 1.431E-07 3.204E-08 5.073E-06 3.908E-03 5.278E-05 1.272E-08 3.355E-09 8.828E+11 5.671E+04 2.993E+00
   6.150E+06 8.912E+01 3.074E+15 8.969E-03 3.923E+01 1.655E+05 1.733E-07 3.375E-08 5.268E-06 3.909E-03 5.279E-05 1.378E-08 2.422E-09 7.454E+11 3.676E+04 3.374E+00
   6.250E+06 7.633E+01 2.633E+15 6.163E-03 2.542E+01 1.458E+05 2.097E-07 3.539E-08 5.458E-06 3.910E-03 5.280E-05 1.416E-08 1.769E-09 6.265E+11 2.385E+04 3.706E+00
   6.350E+06 6.538E+01 2.255E+15 4.220E-03 1.666E+01 1.227E+05 2.542E-07 3.694E-08 5.641E-06 3.910E-03 5.281E-05 1.391E-08 1.309E-09 5.241E+11 1.543E+04 4.003E+00
   6.450E+06 5.600E+01 1.932E+15 2.901E-03 1.103E+01 9.926E+04 3.085E-07 3.838E-08 5.820E-06 3.911E-03 5.282E-05 1.314E-08 9.812E-10 4.363E+11 9.921E+03 4.287E+00
   6.550E+06 4.797E+01 1.655E+15 2.010E-03 7.364E+00 7.768E+04 3.745E-07 3.972E-08 5.991E-06 3.911E-03 5.282E-05 1.200E-08 7.429E-10 3.613E+11 6.335E+03 4.580E+00
   6.650E+06 4.109E+01 1.417E+15 1.408E-03 4.960E+00 5.893E+04 4.536E-07 4.094E-08 6.156E-06 3.911E-03 5.283E-05 1.063E-08 5.684E-10 2.978E+11 4.014E+03 4.896E+00
   6.750E+06 3.520E+01 1.214E+15 9.997E-04 3.371E+00 4.345E+04 5.464E-07 4.202E-08 6.313E-06 3.912E-03 5.283E-05 9.148E-09 4.397E-10 2.443E+11 2.525E+03 5.244E+00
   6.850E+06 3.016E+01 1.040E+15 7.183E-04 2.313E+00 3.121E+04 6.524E-07 4.298E-08 6.462E-06 3.912E-03 5.284E-05 7.669E-09 3.441E-10 1.996E+11 1.577E+03 5.621E+00
   6.950E+06 2.584E+01 8.913E+14 5.217E-04 1.603E+00 2.189E+04 7.700E-07 4.381E-08 6.601E-06 3.912E-03 5.284E-05 6.278E-09 2.724E-10 1.625E+11 9.795E+02 6.017E+00
   7.050E+06 2.214E+01 7.636E+14 3.824E-04 1.123E+00 1.503E+04 8.970E-07 4.452E-08 6.731E-06 3.912E-03 5.284E-05 5.033E-09 2.185E-10 1.320E+11 6.054E+02 6.418E+00
   7.150E+06 1.897E+01 6.543E+14 2.828E-04 7.970E-01 1.014E+04 1.030E-06 4.513E-08 6.851E-06 3.912E-03 5.284E-05 3.960E-09 1.778E-10 1.071E+11 3.729E+02 6.808E+00
   7.250E+06 1.625E+01 5.607E+14 2.090E-04 5.689E-01 6.735E+03 1.167E-06 4.563E-08 6.961E-06 3.912E-03 5.284E-05 3.071E-09 1.458E-10 8.662E+10 2.287E+02 7.162E+00
   7.350E+06 1.393E+01 4.805E+14 1.527E-04 4.053E-01 4.417E+03 1.304E-06 4.606E-08 7.061E-06 3.912E-03 5.285E-05 2.350E-09 1.195E-10 6.974E+10 1.394E+02 7.448E+00
   7.450E+06 1.194E+01 4.117E+14 1.100E-04 2.880E-01 2.862E+03 1.438E-06 4.641E-08 7.150E-06 3.912E-03 5.285E-05 1.776E-09 9.783E-11 5.589E+10 8.446E+01 7.651E+00
   7.550E+06 1.023E+01 3.529E+14 7.829E-05 2.041E-01 1.832E+03 1.567E-06 4.669E-08 7.230E-06 3.912E-03 5.285E-05 1.327E-09 8.002E-11 4.460E+10 5.095E+01 7.766E+00
   7.650E+06 8.768E+00 3.024E+14 5.504E-05 1.444E-01 1.159E+03 1.690E-06 4.692E-08 7.299E-06 3.912E-03 5.285E-05 9.799E-10 6.541E-11 3.545E+10 3.063E+01 7.793E+00
   7.750E+06 7.515E+00 2.592E+14 3.827E-05 1.019E-01 7.262E+02 1.805E-06 4.711E-08 7.360E-06 3.912E-03 5.285E-05 7.161E-10 5.343E-11 2.808E+10 1.838E+01 7.739E+00
   7.850E+06 6.441E+00 2.222E+14 2.635E-05 7.187E-02 4.505E+02 1.911E-06 4.725E-08 7.413E-06 3.912E-03 5.285E-05 5.183E-10 4.364E-11 2.218E+10 1.102E+01 7.611E+00
   7.950E+06 5.521E+00 1.904E+14 1.798E-05 5.061E-02 2.771E+02 2.007E-06 4.737E-08 7.457E-06 3.912E-03 5.285E-05 3.719E-10 3.564E-11 1.747E+10 6.611E+00 7.420E+00
   8.050E+06 4.733E+00 1.633E+14 1.218E-05 3.561E-02 1.691E+02 2.092E-06 4.747E-08 7.495E-06 3.912E-03 5.285E-05 2.648E-10 2.910E-11 1.372E+10 3.981E+00 7.178E+00
   8.150E+06 4.057E+00 1.400E+14 8.193E-06 2.504E-02 1.025E+02 2.166E-06 4.754E-08 7.527E-06 3.912E-03 5.285E-05 1.872E-10 2.377E-11 1.076E+10 2.412E+00 6.896E+00
   8.250E+06 3.478E+00 1.200E+14 5.483E-06 1.761E-02 6.176E+01 2.230E-06 4.760E-08 7.553E-06 3.912E-03 5.285E-05 1.316E-10 1.943E-11 8.428E+09 1.475E+00 6.587E+00
   8.350E+06 2.982E+00 1.029E+14 3.654E-06 1.238E-02 3.703E+01 2.285E-06 4.764E-08 7.575E-06 3.912E-03 5.285E-05 9.200E-11 1.589E-11 6.590E+09 9.146E-01 6.261E+00
   8.450E+06 2.557E+00 8.820E+13 2.428E-06 8.711E-03 2.210E+01 2.331E-06 4.768E-08 7.593E-06 3.912E-03 5.285E-05 6.405E-11 1.301E-11 5.148E+09 5.778E-01 5.928E+00
   8.550E+06 2.192E+00 7.562E+13 1.610E-06 6.133E-03 1.314E+01 2.369E-06 4.771E-08 7.607E-06 3.912E-03 5.285E-05 4.442E-11 1.066E-11 4.018E+09 3.739E-01 5.595E+00
   8.650E+06 1.880E+00 6.484E+13 1.067E-06 4.322E-03 7.794E+00 2.401E-06 4.773E-08 7.619E-06 3.912E-03 5.285E-05 3.072E-11 8.749E-12 3.134E+09 2.492E-01 5.268E+00
   8.750E+06 1.612E+00 5.560E+13 7.070E-07 3.051E-03 4.611E+00 2.427E-06 4.775E-08 7.629E-06 3.912E-03 5.285E-05 2.119E-11 7.192E-12 2.443E+09 1.719E-01 4.951E+00
   8.850E+06 1.382E+00 4.768E+13 4.688E-07 2.157E-03 2.723E+00 2.448E-06 4.776E-08 7.637E-06 3.912E-03 5.285E-05 1.459E-11 5.924E-12 1.904E+09 1.229E-01 4.648E+00
   8.950E+06 1.186E+00 4.089E+13 3.113E-07 1.529E-03 1.606E+00 2.465E-06 4.777E-08 7.643E-06 3.912E-03 5.285E-05 1.004E-11 4.892E-12 1.484E+09 9.125E-02 4.359E+00
   9.050E+06 1.017E+00 3.507E+13 2.073E-07 1.086E-03 9.461E-01 2.479E-06 4.778E-08 7.648E-06 3.913E-03 5.285E-05 6.895E-12 4.051E-12 1.156E+09 7.012E-02 4.086E+00
   9.150E+06 8.720E-01 3.008E+13 1.384E-07 7.748E-04 5.572E-01 2.490E-06 4.778E-08 7.652E-06 3.913E-03 5.285E-05 4.734E-12 3.366E-12 9.001E+08 5.556E-02 3.828E+00
   9.250E+06 7.480E-01 2.580E+13 9.280E-08 5.550E-04 3.280E-01 2.499E-06 4.779E-08 7.655E-06 3.913E-03 5.285E-05 3.249E-12 2.810E-12 7.008E+08 4.515E-02 3.585E+00
   9.350E+06 6.416E-01 2.213E+13 6.254E-08 3.997E-04 1.931E-01 2.507E-06 4.779E-08 7.658E-06 3.913E-03 5.285E-05 2.230E-12 2.359E-12 5.453E+08 3.743E-02 3.356E+00
   9.450E+06 5.503E-01 1.898E+13 4.242E-08 2.900E-04 1.136E-01 2.513E-06 4.780E-08 7.660E-06 3.913E-03 5.285E-05 1.530E-12 1.994E-12 4.240E+08 3.150E-02 3.139E+00
   9.550E+06 4.721E-01 1.628E+13 2.902E-08 2.123E-04 6.687E-02 2.517E-06 4.780E-08 7.662E-06 3.913E-03 5.285E-05 1.050E-12 1.702E-12 3.292E+08 2.680E-02 2.933E+00
   9.650E+06 4.050E-01 1.397E+13 2.007E-08 1.574E-04 3.932E-02 2.521E-06 4.780E-08 7.663E-06 3.913E-03 5.285E-05 7.194E-13 1.470E-12 2.551E+08 2.298E-02 2.737E+00
   9.750E+06 3.475E-01 1.199E+13 1.408E-08 1.186E-04 2.310E-02 2.524E-06 4.780E-08 7.665E-06 3.913E-03 5.285E-05 4.925E-13 1.291E-12 1.971E+08 1.978E-02 2.550E+00
   9.850E+06 2.981E-01 1.028E+13 1.007E-08 9.126E-05 1.354E-02 2.527E-06 4.780E-08 7.666E-06 3.913E-03 5.285E-05 3.365E-13 1.158E-12 1.517E+08 1.707E-02 2.369E+00
   9.950E+06 2.558E-01 8.823E+12 7.370E-09 7.216E-05 7.970E-03 2.529E-06 4.780E-08 7.666E-06 3.913E-03 5.285E-05 2.309E-13 1.067E-12 1.160E+08 1.474E-02 2.193E+00
