
     Z         PRESS      DEN     ProOH1    ProOH25    ProO3D    PO2D       PO2      PH2O      PO3D      PH2O2     FO3      FH2O      NumO2      NumOH      NumO1D
   5.000E+04 9.559E+05 2.428E+19 2.814E+05 1.221E+01 2.316E+06 0.000E+00 1.679E-16 4.465E-17 8.992E-06 2.366E-06 1.061E-08 1.127E-02 5.099E+17 6.868E+05 3.126E-03
   1.500E+05 8.495E+05 2.208E+19 2.143E+05 1.989E+01 2.724E+06 0.000E+00 4.501E-16 1.289E-16 9.648E-06 2.560E-06 1.278E-08 6.984E-03 4.639E+17 7.283E+05 4.201E-03
   2.500E+05 7.529E+05 2.004E+19 1.561E+05 2.754E+01 3.241E+06 0.000E+00 1.091E-15 3.310E-16 1.013E-05 2.735E-06 1.596E-08 4.153E-03 4.210E+17 7.662E+05 5.638E-03
   3.500E+05 6.654E+05 1.814E+19 1.005E+05 3.109E+01 3.764E+06 0.000E+00 2.399E-15 7.580E-16 1.039E-05 2.892E-06 1.997E-08 2.261E-03 3.812E+17 7.713E+05 7.324E-03
   4.500E+05 5.865E+05 1.627E+19 7.189E+04 3.629E+01 4.267E+06 0.000E+00 4.828E-15 1.576E-15 1.064E-05 3.034E-06 2.464E-08 1.416E-03 3.419E+17 8.053E+05 9.289E-03
   5.500E+05 5.158E+05 1.461E+19 4.374E+04 3.459E+01 4.681E+06 0.000E+00 8.999E-15 3.026E-15 1.072E-05 3.163E-06 2.989E-08 7.822E-04 3.072E+17 7.883E+05 1.133E-02
   6.500E+05 4.522E+05 1.314E+19 2.217E+04 2.688E+01 4.968E+06 0.000E+00 1.572E-14 5.479E-15 1.061E-05 3.281E-06 3.561E-08 3.733E-04 2.763E+17 7.091E+05 1.328E-02
   7.500E+05 3.951E+05 1.179E+19 1.016E+04 1.866E+01 5.141E+06 0.000E+00 2.604E-14 9.551E-15 1.042E-05 3.389E-06 4.186E-08 1.657E-04 2.479E+17 6.131E+05 1.518E-02
   8.500E+05 3.440E+05 1.055E+19 4.121E+03 1.151E+01 5.217E+06 0.000E+00 4.128E-14 1.642E-14 1.014E-05 3.490E-06 4.879E-08 6.649E-05 2.218E+17 5.405E+05 1.703E-02
   9.500E+05 2.979E+05 9.589E+18 7.744E+02 3.545E+00 5.094E+06 0.000E+00 6.363E-14 2.864E-14 9.342E-06 3.587E-06 5.686E-08 1.291E-05 2.017E+17 5.081E+05 1.789E-02
   1.050E+06 2.557E+05 8.821E+18 5.210E+01 4.164E-01 4.947E+06 0.000E+00 9.715E-14 5.207E-14 8.103E-06 3.680E-06 6.920E-08 9.066E-07 1.855E+17 5.390E+05 1.825E-02
   1.150E+06 2.184E+05 7.533E+18 6.373E+01 6.734E-01 5.978E+06 0.000E+00 1.472E-13 9.743E-14 8.309E-06 3.771E-06 9.552E-08 9.176E-07 1.584E+17 5.367E+05 2.582E-02
   1.250E+06 1.865E+05 6.433E+18 9.294E+01 1.099E+00 8.485E+06 0.000E+00 2.202E-13 1.813E-13 8.519E-06 3.857E-06 1.548E-07 9.429E-07 1.353E+17 5.161E+05 4.292E-02
   1.350E+06 1.593E+05 5.494E+18 1.518E+02 1.818E+00 1.314E+07 0.000E+00 3.289E-13 3.327E-13 8.768E-06 3.943E-06 2.727E-07 9.949E-07 1.155E+17 5.150E+05 7.780E-02
   1.450E+06 1.360E+05 4.692E+18 2.501E+02 3.067E+00 1.986E+07 0.000E+00 4.942E-13 6.030E-13 9.109E-06 4.031E-06 4.646E-07 1.084E-06 9.868E+16 5.685E+05 1.377E-01
   1.550E+06 1.162E+05 4.008E+18 3.930E+02 5.274E+00 2.791E+07 0.000E+00 7.500E-13 1.086E-12 9.612E-06 4.126E-06 7.244E-07 1.212E-06 8.428E+16 6.565E+05 2.266E-01
   1.650E+06 9.939E+04 3.364E+18 6.107E+02 9.018E+00 3.792E+07 8.680-308 1.145E-12 1.941E-12 1.081E-05 4.233E-06 1.043E-06 1.381E-06 7.074E+16 7.535E+05 3.703E-01
   1.750E+06 8.515E+04 2.882E+18 8.921E+02 1.579E+01 4.832E+07 7.095-267 1.751E-12 3.460E-12 1.194E-05 4.355E-06 1.404E-06 1.583E-06 6.060E+16 8.613E+05 5.508E-01
   1.850E+06 7.302E+04 2.442E+18 1.283E+03 2.724E+01 6.055E+07 1.335-231 2.676E-12 6.157E-12 1.388E-05 4.500E-06 1.786E-06 1.812E-06 5.133E+16 9.917E+05 8.199E-01
   1.950E+06 6.269E+04 2.096E+18 1.778E+03 4.704E+01 7.390E+07 1.642-201 4.066E-12 1.091E-11 1.619E-05 4.675E-06 2.178E-06 2.058E-06 4.406E+16 1.162E+06 1.166E+00
   2.050E+06 5.381E+04 1.799E+18 2.405E+03 7.977E+01 8.906E+07 1.670-175 6.123E-12 1.920E-11 1.938E-05 4.889E-06 2.554E-06 2.310E-06 3.783E+16 1.390E+06 1.636E+00
   2.150E+06 4.621E+04 1.539E+18 3.189E+03 1.313E+02 1.063E+08 5.113-153 9.090E-12 3.331E-11 2.389E-05 5.152E-06 2.893E-06 2.563E-06 3.234E+16 1.687E+06 2.290E+00
   2.250E+06 3.972E+04 1.316E+18 4.143E+03 2.093E+02 1.257E+08 1.194-133 1.324E-11 5.650E-11 2.997E-05 5.474E-06 3.186E-06 2.814E-06 2.767E+16 2.075E+06 3.171E+00
   2.350E+06 3.416E+04 1.127E+18 5.280E+03 3.216E+02 1.471E+08 5.844-117 1.889E-11 9.321E-11 3.811E-05 5.868E-06 3.425E-06 3.062E-06 2.369E+16 2.575E+06 4.345E+00
   2.450E+06 2.940E+04 9.655E+17 6.605E+03 4.755E+02 1.704E+08 1.433-102 2.637E-11 1.491E-10 4.892E-05 6.352E-06 3.607E-06 3.304E-06 2.029E+16 3.215E+06 5.886E+00
   2.550E+06 2.532E+04 8.278E+17 8.111E+03 6.762E+02 1.951E+08 3.718E-90 3.604E-11 2.307E-10 6.321E-05 6.942E-06 3.727E-06 3.541E-06 1.740E+16 4.030E+06 7.877E+00
   2.650E+06 2.182E+04 7.103E+17 9.791E+03 9.258E+02 2.208E+08 1.935E-79 4.823E-11 3.456E-10 8.213E-05 7.660E-06 3.785E-06 3.772E-06 1.493E+16 5.065E+06 1.041E+01
   2.750E+06 1.882E+04 6.099E+17 1.161E+04 1.222E+03 2.470E+08 3.488E-70 6.332E-11 5.015E-10 1.072E-04 8.532E-06 3.779E-06 3.995E-06 1.282E+16 6.378E+06 1.360E+01
   2.850E+06 1.625E+04 5.241E+17 1.355E+04 1.559E+03 2.732E+08 3.479E-62 8.165E-11 7.066E-10 1.405E-04 9.588E-06 3.710E-06 4.211E-06 1.102E+16 8.035E+06 1.754E+01
   2.950E+06 1.403E+04 4.507E+17 1.557E+04 1.929E+03 2.991E+08 2.875E-55 1.036E-10 9.687E-10 1.856E-04 1.087E-05 3.576E-06 4.418E-06 9.472E+15 1.012E+07 2.237E+01
   3.050E+06 1.213E+04 3.878E+17 1.767E+04 2.318E+03 3.248E+08 2.781E-49 1.295E-10 1.295E-09 2.483E-04 1.241E-05 3.373E-06 4.614E-06 8.151E+15 1.275E+07 2.829E+01
   3.150E+06 1.049E+04 3.340E+17 1.983E+04 2.711E+03 3.503E+08 4.237E-44 1.595E-10 1.693E-09 3.387E-04 1.430E-05 3.096E-06 4.795E-06 7.019E+15 1.598E+07 3.551E+01
   3.250E+06 9.078E+03 2.878E+17 2.180E+04 3.093E+03 3.720E+08 1.311E-39 1.934E-10 2.167E-09 4.710E-04 1.657E-05 2.744E-06 4.959E-06 6.049E+15 1.975E+07 4.386E+01
   3.350E+06 7.866E+03 2.467E+17 2.266E+04 3.429E+03 3.750E+08 1.026E-35 2.301E-10 2.723E-09 6.567E-04 1.924E-05 2.315E-06 5.105E-06 5.185E+15 2.331E+07 5.184E+01
   3.450E+06 6.827E+03 2.116E+17 2.208E+04 3.721E+03 3.560E+08 2.342E-32 2.678E-10 3.365E-09 8.910E-04 2.216E-05 1.889E-06 5.227E-06 4.446E+15 2.589E+07 5.771E+01
   3.550E+06 5.935E+03 1.818E+17 2.020E+04 3.974E+03 3.191E+08 1.847E-29 3.049E-10 4.107E-09 1.155E-03 2.516E-05 1.519E-06 5.323E-06 3.820E+15 2.705E+07 6.053E+01
   3.650E+06 5.169E+03 1.565E+17 1.758E+04 4.194E+03 2.736E+08 5.868E-27 3.406E-10 4.971E-09 1.427E-03 2.805E-05 1.225E-06 5.392E-06 3.288E+15 2.698E+07 6.062E+01
   3.750E+06 4.502E+03 1.376E+17 1.575E+04 4.488E+03 2.435E+08 8.529E-25 3.753E-10 6.000E-09 1.692E-03 3.078E-05 1.046E-06 5.436E-06 2.892E+15 2.684E+07 6.109E+01
   3.850E+06 3.917E+03 1.207E+17 1.366E+04 4.780E+03 2.108E+08 6.887E-23 4.100E-10 7.255E-09 1.954E-03 3.341E-05 8.935E-07 5.457E-06 2.537E+15 2.614E+07 6.003E+01
   3.950E+06 3.403E+03 1.058E+17 1.151E+04 5.081E+03 1.777E+08 3.281E-21 4.445E-10 8.795E-09 2.205E-03 3.586E-05 7.614E-07 5.461E-06 2.223E+15 2.509E+07 5.751E+01
   4.050E+06 2.953E+03 9.300E+16 9.567E+03 5.420E+03 1.484E+08 9.782E-20 4.791E-10 1.070E-08 2.441E-03 3.812E-05 6.537E-07 5.449E-06 1.954E+15 2.402E+07 5.431E+01
   4.150E+06 2.558E+03 8.161E+16 7.768E+03 5.777E+03 1.213E+08 1.949E-18 5.141E-10 1.305E-08 2.659E-03 4.017E-05 5.591E-07 5.425E-06 1.715E+15 2.291E+07 5.029E+01
   4.250E+06 2.211E+03 7.150E+16 6.162E+03 6.146E+03 9.710E+07 2.715E-17 5.497E-10 1.594E-08 2.855E-03 4.199E-05 4.757E-07 5.392E-06 1.502E+15 2.186E+07 4.564E+01
   4.350E+06 1.908E+03 6.227E+16 4.714E+03 6.489E+03 7.499E+07 2.751E-16 5.863E-10 1.948E-08 3.025E-03 4.355E-05 3.981E-07 5.350E-06 1.308E+15 2.083E+07 4.030E+01
   4.450E+06 1.645E+03 5.416E+16 3.533E+03 6.815E+03 5.682E+07 2.086E-15 6.242E-10 2.374E-08 3.165E-03 4.485E-05 3.314E-07 5.301E-06 1.138E+15 1.997E+07 3.495E+01
   4.550E+06 1.416E+03 4.706E+16 2.601E+03 7.111E+03 4.235E+07 1.226E-14 6.641E-10 2.881E-08 3.277E-03 4.590E-05 2.746E-07 5.246E-06 9.887E+14 1.928E+07 2.984E+01
   4.650E+06 1.218E+03 4.083E+16 1.885E+03 7.368E+03 3.112E+07 5.771E-14 7.068E-10 3.480E-08 3.364E-03 4.673E-05 2.266E-07 5.184E-06 8.579E+14 1.876E+07 2.516E+01
   4.750E+06 1.045E+03 3.538E+16 1.349E+03 7.591E+03 2.259E+07 2.234E-13 7.529E-10 4.192E-08 3.430E-03 4.738E-05 1.862E-07 5.118E-06 7.434E+14 1.838E+07 2.098E+01
   4.850E+06 8.963E+02 3.062E+16 9.527E+02 7.810E+03 1.622E+07 7.289E-13 8.034E-10 5.055E-08 3.479E-03 4.789E-05 1.523E-07 5.045E-06 6.434E+14 1.815E+07 1.732E+01
   4.950E+06 7.674E+02 2.647E+16 6.641E+02 8.086E+03 1.151E+07 2.049E-12 8.591E-10 6.150E-08 3.514E-03 4.829E-05 1.237E-07 4.967E-06 5.561E+14 1.809E+07 1.415E+01
   5.050E+06 6.563E+02 2.275E+16 4.478E+02 8.467E+03 7.899E+06 5.055E-12 9.206E-10 7.623E-08 3.540E-03 4.859E-05 9.809E-08 4.883E-06 4.778E+14 1.821E+07 1.128E+01
   5.150E+06 5.609E+02 1.953E+16 2.972E+02 9.079E+03 5.343E+06 1.109E-11 9.883E-10 9.696E-08 3.559E-03 4.882E-05 7.686E-08 4.794E-06 4.103E+14 1.863E+07 8.864E+00
   5.250E+06 4.791E+02 1.676E+16 1.947E+02 9.985E+03 3.568E+06 2.200E-11 1.063E-09 1.268E-07 3.571E-03 4.901E-05 5.960E-08 4.699E-06 3.521E+14 1.936E+07 6.890E+00
   5.350E+06 4.089E+02 1.438E+16 1.264E+02 1.120E+04 2.363E+06 3.995E-11 1.145E-09 1.693E-07 3.579E-03 4.915E-05 4.591E-08 4.599E-06 3.020E+14 2.037E+07 5.324E+00
   5.450E+06 3.487E+02 1.232E+16 8.211E+01 1.265E+04 1.562E+06 6.723E-11 1.234E-09 2.285E-07 3.585E-03 4.926E-05 3.536E-08 4.493E-06 2.588E+14 2.155E+07 4.123E+00
   5.550E+06 2.972E+02 1.055E+16 5.376E+01 1.422E+04 1.037E+06 1.059E-10 1.332E-09 3.078E-07 3.588E-03 4.936E-05 2.740E-08 4.379E-06 2.216E+14 2.278E+07 3.229E+00
   5.650E+06 2.531E+02 9.029E+15 3.576E+01 1.575E+04 6.954E+05 1.575E-10 1.440E-09 4.097E-07 3.590E-03 4.944E-05 2.145E-08 4.258E-06 1.896E+14 2.393E+07 2.578E+00
   5.750E+06 2.153E+02 7.722E+15 2.433E+01 1.708E+04 4.716E+05 2.229E-10 1.558E-09 5.358E-07 3.591E-03 4.951E-05 1.701E-08 4.129E-06 1.622E+14 2.489E+07 2.111E+00
   5.850E+06 1.831E+02 6.599E+15 1.699E+01 1.807E+04 3.237E+05 3.021E-10 1.688E-09 6.859E-07 3.591E-03 4.957E-05 1.366E-08 3.993E-06 1.386E+14 2.560E+07 1.781E+00
   5.950E+06 1.556E+02 5.635E+15 1.221E+01 1.861E+04 2.248E+05 3.942E-10 1.833E-09 8.585E-07 3.590E-03 4.962E-05 1.111E-08 3.847E-06 1.183E+14 2.600E+07 1.553E+00
   6.050E+06 1.321E+02 4.786E+15 8.896E+00 1.857E+04 1.546E+05 4.975E-10 1.995E-09 1.051E-06 3.592E-03 4.967E-05 8.992E-09 3.693E-06 1.005E+14 2.599E+07 1.388E+00
   6.150E+06 1.122E+02 4.065E+15 6.685E+00 1.806E+04 1.075E+05 6.092E-10 2.177E-09 1.257E-06 3.593E-03 4.972E-05 7.362E-09 3.532E-06 8.534E+13 2.567E+07 1.284E+00
   6.250E+06 9.535E+01 3.453E+15 5.161E+00 1.713E+04 7.558E+04 7.267E-10 2.384E-09 1.474E-06 3.593E-03 4.975E-05 6.091E-09 3.364E-06 7.249E+13 2.504E+07 1.225E+00
   6.350E+06 8.100E+01 2.933E+15 4.071E+00 1.588E+04 5.366E+04 8.475E-10 2.620E-09 1.697E-06 3.594E-03 4.979E-05 5.090E-09 3.191E-06 6.157E+13 2.414E+07 1.199E+00
   6.450E+06 6.881E+01 2.492E+15 3.262E+00 1.443E+04 3.846E+04 9.694E-10 2.893E-09 1.921E-06 3.594E-03 4.982E-05 4.293E-09 3.014E-06 5.231E+13 2.300E+07 1.198E+00
   6.550E+06 5.846E+01 2.117E+15 2.639E+00 1.287E+04 2.781E+04 1.091E-09 3.207E-09 2.145E-06 3.595E-03 4.985E-05 3.655E-09 2.833E-06 4.443E+13 2.164E+07 1.214E+00
   6.650E+06 4.967E+01 1.799E+15 2.147E+00 1.128E+04 2.029E+04 1.211E-09 3.570E-09 2.367E-06 3.595E-03 4.988E-05 3.137E-09 2.650E-06 3.775E+13 2.009E+07 1.242E+00
   6.750E+06 4.220E+01 1.528E+15 1.749E+00 9.748E+03 1.482E+04 1.328E-09 3.987E-09 2.583E-06 3.595E-03 4.990E-05 2.697E-09 2.469E-06 3.207E+13 1.848E+07 1.278E+00
   6.850E+06 3.586E+01 1.299E+15 1.413E+00 8.315E+03 1.039E+04 1.447E-09 4.463E-09 2.794E-06 3.596E-03 4.992E-05 2.225E-09 2.291E-06 2.725E+13 1.771E+07 1.310E+00
   6.950E+06 3.047E+01 1.104E+15 1.140E+00 6.989E+03 7.048E+03 1.572E-09 5.001E-09 2.998E-06 3.596E-03 4.995E-05 1.776E-09 2.113E-06 2.315E+13 1.979E+07 1.349E+00
   7.050E+06 2.589E+01 9.378E+14 1.044E+00 5.704E+03 1.061E+04 1.723E-09 5.607E-09 3.192E-06 3.596E-03 4.997E-05 3.145E-09 1.905E-06 1.967E+13 1.216E+07 1.612E+00
   7.150E+06 2.201E+01 7.970E+14 1.298E+00 4.550E+03 3.154E+04 1.938E-09 6.284E-09 3.377E-06 3.596E-03 4.999E-05 1.100E-08 1.690E-06 1.671E+13 2.753E+06 2.657E+00
   7.250E+06 1.870E+01 6.774E+14 1.590E+00 3.595E+03 5.761E+04 2.279E-09 7.039E-09 3.551E-06 3.596E-03 5.000E-05 2.365E-08 1.495E-06 1.420E+13 9.851E+05 4.331E+00
   7.350E+06 1.590E+01 5.757E+14 1.757E+00 2.810E+03 7.977E+04 2.839E-09 7.879E-09 3.714E-06 3.597E-03 5.002E-05 3.852E-08 1.314E-06 1.206E+13 4.716E+05 6.404E+00
   7.450E+06 1.351E+01 4.893E+14 1.788E+00 2.177E+03 9.493E+04 3.735E-09 8.813E-09 3.867E-06 3.597E-03 5.004E-05 5.393E-08 1.150E-06 1.023E+13 2.625E+05 8.758E+00
   7.550E+06 1.148E+01 4.160E+14 1.716E+00 1.673E+03 1.027E+05 5.099E-09 9.852E-09 4.011E-06 3.597E-03 5.006E-05 6.867E-08 1.003E-06 8.681E+12 1.587E+05 1.134E+01
   7.650E+06 9.763E+00 3.536E+14 1.580E+00 1.278E+03 1.041E+05 7.072E-09 1.101E-08 4.148E-06 3.598E-03 5.007E-05 8.183E-08 8.714E-07 7.359E+12 1.007E+05 1.414E+01
   7.750E+06 8.299E+00 3.006E+14 1.413E+00 9.705E+02 1.003E+05 9.800E-09 1.229E-08 4.278E-06 3.598E-03 5.009E-05 9.277E-08 7.547E-07 6.233E+12 6.558E+04 1.717E+01
   7.850E+06 7.056E+00 2.555E+14 1.237E+00 7.333E+02 9.294E+04 1.344E-08 1.371E-08 4.404E-06 3.598E-03 5.010E-05 1.011E-07 6.516E-07 5.274E+12 4.340E+04 2.048E+01
   7.950E+06 5.995E+00 2.187E+14 1.092E+00 5.553E+02 8.684E+04 1.819E-08 1.527E-08 4.526E-06 3.595E-03 5.012E-05 1.105E-07 5.611E-07 4.486E+12 2.959E+04 2.449E+01
   8.050E+06 5.086E+00 1.880E+14 9.676E-01 4.213E+02 8.128E+04 2.429E-08 1.698E-08 4.648E-06 3.578E-03 5.013E-05 1.208E-07 4.823E-07 3.829E+12 2.058E+04 2.924E+01
   8.150E+06 4.308E+00 1.603E+14 8.306E-01 3.165E+02 7.085E+04 3.206E-08 1.884E-08 4.770E-06 3.561E-03 5.014E-05 1.241E-07 4.140E-07 3.238E+12 1.394E+04 3.422E+01
   8.250E+06 3.643E+00 1.374E+14 7.201E-01 2.386E+02 6.249E+04 4.177E-08 2.081E-08 4.894E-06 3.523E-03 5.015E-05 1.291E-07 3.548E-07 2.749E+12 9.583E+03 4.017E+01
   8.350E+06 3.075E+00 1.168E+14 6.099E-01 1.781E+02 5.147E+04 5.382E-08 2.288E-08 5.020E-06 3.506E-03 5.017E-05 1.257E-07 3.038E-07 2.308E+12 6.368E+03 4.668E+01
   8.450E+06 2.593E+00 9.938E+13 5.180E-01 1.329E+02 4.209E+04 6.851E-08 2.502E-08 5.148E-06 3.478E-03 5.018E-05 1.218E-07 2.599E-07 1.938E+12 4.229E+03 5.428E+01
   8.550E+06 2.182E+00 8.458E+13 4.397E-01 9.921E+01 3.385E+04 8.634E-08 2.719E-08 5.280E-06 3.443E-03 5.018E-05 1.162E-07 2.221E-07 1.625E+12 2.787E+03 6.308E+01
   8.650E+06 1.835E+00 7.113E+13 3.668E-01 7.310E+01 2.515E+04 1.079E-07 2.935E-08 5.415E-06 3.444E-03 5.019E-05 1.027E-07 1.898E-07 1.342E+12 1.757E+03 7.324E+01
   8.750E+06 1.543E+00 5.982E+13 3.065E-01 5.381E+01 1.835E+04 1.338E-07 3.147E-08 5.552E-06 3.444E-03 5.020E-05 8.911E-08 1.620E-07 1.107E+12 1.097E+03 8.524E+01
   8.850E+06 1.298E+00 5.031E+13 2.564E-01 3.957E+01 1.318E+04 1.649E-07 3.353E-08 5.691E-06 3.444E-03 5.021E-05 7.606E-08 1.382E-07 9.097E+11 6.797E+02 9.940E+01
   8.950E+06 1.092E+00 4.231E+13 2.150E-01 2.910E+01 9.305E+03 2.026E-07 3.550E-08 5.831E-06 3.444E-03 5.021E-05 6.386E-08 1.179E-07 7.458E+11 4.176E+02 1.161E+02
   9.050E+06 9.188E-01 3.540E+13 1.799E-01 2.128E+01 6.292E+03 2.485E-07 3.737E-08 5.971E-06 3.462E-03 5.022E-05 5.134E-08 1.007E-07 6.064E+11 2.508E+02 1.363E+02
   9.150E+06 7.744E-01 2.952E+13 1.503E-01 1.551E+01 4.112E+03 3.043E-07 3.910E-08 6.109E-06 3.494E-03 5.022E-05 3.987E-08 8.599E-08 4.898E+11 1.482E+02 1.605E+02
   9.250E+06 6.536E-01 2.479E+13 1.261E-01 1.138E+01 2.729E+03 3.710E-07 4.069E-08 6.242E-06 3.509E-03 5.023E-05 3.138E-08 7.357E-08 3.970E+11 8.851E+01 1.878E+02
   9.350E+06 5.523E-01 2.078E+13 1.054E-01 8.360E+00 1.771E+03 4.496E-07 4.213E-08 6.372E-06 3.531E-03 5.023E-05 2.413E-08 6.313E-08 3.202E+11 5.245E+01 2.187E+02
   9.450E+06 4.673E-01 1.745E+13 8.756E-02 6.167E+00 1.139E+03 5.395E-07 4.340E-08 6.495E-06 3.553E-03 5.023E-05 1.837E-08 5.441E-08 2.578E+11 3.110E+01 2.518E+02
   9.550E+06 3.959E-01 1.471E+13 7.242E-02 4.591E+00 7.346E+02 6.388E-07 4.452E-08 6.611E-06 3.566E-03 5.024E-05 1.401E-08 4.722E-08 2.078E+11 1.859E+01 2.852E+02
   9.650E+06 3.358E-01 1.238E+13 5.940E-02 3.440E+00 4.643E+02 7.453E-07 4.548E-08 6.719E-06 3.585E-03 5.024E-05 1.046E-08 4.136E-08 1.668E+11 1.111E+01 3.182E+02
   9.750E+06 2.851E-01 1.043E+13 4.853E-02 2.609E+00 2.907E+02 8.553E-07 4.630E-08 6.818E-06 3.594E-03 5.024E-05 7.754E-09 3.669E-08 1.337E+11 6.713E+00 3.486E+02
   9.850E+06 2.425E-01 8.783E+12 3.958E-02 2.008E+00 1.786E+02 9.656E-07 4.699E-08 6.907E-06 3.600E-03 5.024E-05 5.648E-09 3.309E-08 1.069E+11 4.109E+00 3.755E+02
   9.950E+06 2.066E-01 7.408E+12 3.246E-02 1.578E+00 1.101E+02 1.073E-06 4.757E-08 6.987E-06 3.604E-03 5.024E-05 4.125E-09 3.049E-08 8.548E+10 2.600E+00 3.976E+02
