
     Z         PRESS      DEN     ProOH1    ProOH25    ProO3D    PO2D       PO2      PH2O      PO3D      PH2O2     FO3      FH2O      NumO2      NumOH      NumO1D
   5.000E+04 9.561E+05 2.429E+19 3.409E+05 1.003E+04 2.781E+06 0.000E+00 1.343E-13 3.665E-14 1.992E-05 2.834E-06 5.749E-09 1.127E-02 5.100E+16 1.153E+06 3.786E-03
   1.500E+05 8.499E+05 2.209E+19 2.991E+05 1.188E+04 3.766E+06 0.000E+00 2.486E-13 7.699E-14 2.163E-05 3.080E-06 7.879E-09 6.983E-03 4.650E+16 1.308E+06 5.860E-03
   2.500E+05 7.535E+05 2.006E+19 2.628E+05 1.283E+04 5.404E+06 0.000E+00 4.152E-13 1.540E-13 2.302E-05 3.304E-06 1.171E-08 4.153E-03 4.229E+16 1.482E+06 9.485E-03
   3.500E+05 6.661E+05 1.816E+19 2.045E+05 1.280E+04 7.580E+06 0.000E+00 6.595E-13 3.117E-13 2.396E-05 3.508E-06 1.742E-08 2.261E-03 3.838E+16 1.558E+06 1.488E-02
   4.500E+05 5.874E+05 1.629E+19 1.733E+05 1.466E+04 1.018E+07 0.000E+00 1.011E-12 6.350E-13 2.489E-05 3.696E-06 2.510E-08 1.417E-03 3.449E+16 1.710E+06 2.234E-02
   5.500E+05 5.167E+05 1.464E+19 1.235E+05 1.471E+04 1.308E+07 0.000E+00 1.507E-12 1.283E-12 2.553E-05 3.872E-06 3.499E-08 7.831E-04 3.105E+16 1.713E+06 3.190E-02
   6.500E+05 4.532E+05 1.317E+19 7.247E+04 1.223E+04 1.606E+07 0.000E+00 2.179E-12 2.483E-12 2.591E-05 4.040E-06 4.705E-08 3.740E-04 2.798E+16 1.568E+06 4.326E-02
   7.500E+05 3.961E+05 1.182E+19 3.780E+04 8.929E+03 1.889E+07 0.000E+00 3.051E-12 4.546E-12 2.618E-05 4.203E-06 6.105E-08 1.662E-04 2.514E+16 1.384E+06 5.619E-02
   8.500E+05 3.450E+05 1.058E+19 1.715E+04 5.726E+03 2.140E+07 0.000E+00 4.145E-12 8.101E-12 2.638E-05 4.363E-06 7.667E-08 6.682E-05 2.252E+16 1.205E+06 7.031E-02
   9.500E+05 2.988E+05 9.621E+18 3.621E+03 1.766E+03 2.338E+07 4.394-276 5.491E-12 1.409E-11 2.579E-05 4.525E-06 9.424E-08 1.303E-05 2.049E+16 9.978E+05 8.260E-02
   1.050E+06 2.567E+05 8.854E+18 2.802E+02 1.867E+02 2.571E+07 1.488-226 7.147E-12 2.268E-11 2.435E-05 4.693E-06 1.192E-07 9.298E-07 1.886E+16 9.415E+05 9.533E-02
   1.150E+06 2.193E+05 7.564E+18 3.583E+02 2.459E+02 3.254E+07 1.150-196 9.150E-12 3.461E-11 2.570E-05 4.869E-06 1.674E-07 9.394E-07 1.611E+16 9.096E+05 1.412E-01
   1.250E+06 1.873E+05 6.462E+18 5.222E+02 3.192E+02 4.635E+07 4.289-171 1.158E-11 5.139E-11 2.739E-05 5.057E-06 2.619E-07 9.613E-07 1.376E+16 8.982E+05 2.354E-01
   1.350E+06 1.601E+05 5.521E+18 8.098E+02 4.240E+02 6.867E+07 3.526-149 1.473E-11 7.632E-11 2.979E-05 5.273E-06 4.175E-07 1.006E-06 1.176E+16 1.015E+06 4.083E-01
   1.450E+06 1.368E+05 4.718E+18 1.235E+03 5.898E+02 9.734E+07 2.384-130 1.911E-11 1.155E-10 3.349E-05 5.541E-06 6.160E-07 1.082E-06 1.004E+16 1.262E+06 6.774E-01
   1.550E+06 1.169E+05 4.031E+18 1.801E+03 8.589E+02 1.291E+08 4.029-114 2.541E-11 1.790E-10 3.926E-05 5.891E-06 8.157E-07 1.191E-06 8.581E+15 1.599E+06 1.051E+00
   1.650E+06 9.986E+04 3.445E+18 2.543E+03 1.289E+03 1.632E+08 4.290-100 3.442E-11 2.816E-10 4.803E-05 6.353E-06 9.866E-07 1.329E-06 7.332E+15 2.052E+06 1.556E+00
   1.750E+06 8.534E+04 2.944E+18 3.487E+03 1.947E+03 1.996E+08 6.144E-88 4.701E-11 4.437E-10 6.104E-05 6.959E-06 1.111E-06 1.491E-06 6.264E+15 2.676E+06 2.225E+00
   1.850E+06 7.293E+04 2.516E+18 4.658E+03 2.898E+03 2.382E+08 2.199E-77 6.406E-11 6.903E-10 7.996E-05 7.746E-06 1.184E-06 1.669E-06 5.353E+15 3.549E+06 3.108E+00
   1.950E+06 6.233E+04 2.150E+18 6.051E+03 4.186E+03 2.786E+08 3.269E-68 8.640E-11 1.051E-09 1.072E-04 8.756E-06 1.209E-06 1.853E-06 4.574E+15 4.773E+06 4.253E+00
   2.050E+06 5.327E+04 1.838E+18 7.623E+03 5.817E+03 3.196E+08 3.073E-60 1.148E-10 1.556E-09 1.465E-04 1.004E-05 1.187E-06 2.035E-06 3.909E+15 6.483E+06 5.710E+00
   2.150E+06 4.553E+04 1.571E+18 9.328E+03 7.750E+03 3.604E+08 2.601E-53 1.500E-10 2.234E-09 2.045E-04 1.168E-05 1.122E-06 2.208E-06 3.341E+15 8.852E+06 7.533E+00
   2.250E+06 3.892E+04 1.343E+18 1.113E+04 9.899E+03 4.008E+08 2.689E-47 1.923E-10 3.112E-09 2.943E-04 1.376E-05 1.015E-06 2.369E-06 2.856E+15 1.209E+07 9.800E+00
   2.350E+06 3.327E+04 1.148E+18 1.291E+04 1.214E+04 4.381E+08 4.425E-42 2.413E-10 4.206E-09 4.389E-04 1.639E-05 8.699E-07 2.515E-06 2.441E+15 1.632E+07 1.253E+01
   2.450E+06 2.844E+04 9.810E+17 1.422E+04 1.434E+04 4.591E+08 1.461E-37 2.956E-10 5.533E-09 6.644E-04 1.966E-05 7.044E-07 2.642E-06 2.087E+15 2.118E+07 1.536E+01
   2.550E+06 2.431E+04 8.387E+17 1.435E+04 1.641E+04 4.453E+08 1.184E-33 3.528E-10 7.116E-09 9.766E-04 2.346E-05 5.437E-07 2.750E-06 1.784E+15 2.559E+07 1.743E+01
   2.650E+06 2.079E+04 7.170E+17 1.314E+04 1.832E+04 3.948E+08 2.821E-30 4.104E-10 8.998E-09 1.346E-03 2.748E-05 4.090E-07 2.839E-06 1.525E+15 2.861E+07 1.808E+01
   2.750E+06 1.777E+04 6.130E+17 1.106E+04 2.007E+04 3.243E+08 2.310E-27 4.672E-10 1.125E-08 1.729E-03 3.139E-05 3.060E-07 2.910E-06 1.304E+15 3.023E+07 1.737E+01
   2.850E+06 1.520E+04 5.242E+17 8.752E+03 2.170E+04 2.517E+08 7.479E-25 5.232E-10 1.396E-08 2.090E-03 3.494E-05 2.298E-07 2.966E-06 1.115E+15 3.094E+07 1.576E+01
   2.950E+06 1.299E+04 4.482E+17 6.606E+03 2.324E+04 1.873E+08 1.083E-22 5.788E-10 1.723E-08 2.412E-03 3.806E-05 1.733E-07 3.009E-06 9.535E+14 3.123E+07 1.372E+01
   3.050E+06 1.111E+04 3.833E+17 4.814E+03 2.469E+04 1.351E+08 7.830E-21 6.348E-10 2.119E-08 2.689E-03 4.072E-05 1.311E-07 3.040E-06 8.154E+14 3.139E+07 1.157E+01
   3.150E+06 9.502E+03 3.277E+17 3.415E+03 2.602E+04 9.519E+07 3.106E-19 6.921E-10 2.594E-08 2.917E-03 4.291E-05 9.958E-08 3.061E-06 6.972E+14 3.155E+07 9.534E+00
   3.250E+06 8.126E+03 2.803E+17 2.377E+03 2.721E+04 6.600E+07 7.348E-18 7.519E-10 3.160E-08 3.097E-03 4.468E-05 7.603E-08 3.073E-06 5.963E+14 3.175E+07 7.730E+00
   3.350E+06 6.949E+03 2.397E+17 1.633E+03 2.821E+04 4.532E+07 1.114E-16 8.152E-10 3.827E-08 3.237E-03 4.608E-05 5.841E-08 3.075E-06 5.099E+14 3.195E+07 6.206E+00
   3.450E+06 5.944E+03 2.050E+17 1.114E+03 2.896E+04 3.097E+07 1.153E-15 8.831E-10 4.602E-08 3.342E-03 4.719E-05 4.520E-08 3.070E-06 4.361E+14 3.212E+07 4.959E+00
   3.550E+06 5.084E+03 1.754E+17 7.575E+02 2.942E+04 2.114E+07 8.591E-15 9.563E-10 5.489E-08 3.421E-03 4.806E-05 3.524E-08 3.057E-06 3.730E+14 3.221E+07 3.958E+00
   3.650E+06 4.348E+03 1.500E+17 5.143E+02 2.959E+04 1.445E+07 4.830E-14 1.036E-09 6.496E-08 3.480E-03 4.875E-05 2.768E-08 3.036E-06 3.190E+14 3.219E+07 3.162E+00
   3.750E+06 3.720E+03 1.283E+17 3.490E+02 2.948E+04 9.894E+06 2.133E-13 1.122E-09 7.636E-08 3.525E-03 4.930E-05 2.188E-08 3.009E-06 2.729E+14 3.207E+07 2.532E+00
   3.850E+06 3.182E+03 1.098E+17 2.366E+02 2.923E+04 6.783E+06 7.658E-13 1.215E-09 8.952E-08 3.559E-03 4.975E-05 1.737E-08 2.976E-06 2.334E+14 3.189E+07 2.029E+00
   3.950E+06 2.722E+03 9.389E+16 1.599E+02 2.905E+04 4.646E+06 2.302E-12 1.316E-09 1.054E-07 3.585E-03 5.011E-05 1.380E-08 2.936E-06 1.997E+14 3.174E+07 1.625E+00
   4.050E+06 2.329E+03 8.033E+16 1.074E+02 2.920E+04 3.168E+06 5.945E-12 1.426E-09 1.258E-07 3.605E-03 5.041E-05 1.094E-08 2.889E-06 1.708E+14 3.178E+07 1.296E+00
   4.150E+06 1.992E+03 6.872E+16 7.145E+01 2.996E+04 2.146E+06 1.347E-11 1.546E-09 1.537E-07 3.620E-03 5.066E-05 8.624E-09 2.836E-06 1.462E+14 3.213E+07 1.027E+00
   4.250E+06 1.705E+03 5.880E+16 4.714E+01 3.153E+04 1.442E+06 2.729E-11 1.678E-09 1.932E-07 3.633E-03 5.088E-05 6.752E-09 2.776E-06 1.251E+14 3.287E+07 8.089E-01
   4.350E+06 1.459E+03 5.031E+16 3.099E+01 3.392E+04 9.652E+05 5.022E-11 1.825E-09 2.489E-07 3.642E-03 5.105E-05 5.267E-09 2.709E-06 1.070E+14 3.397E+07 6.367E-01
   4.450E+06 1.248E+03 4.305E+16 2.045E+01 3.692E+04 6.468E+05 8.509E-11 1.987E-09 3.255E-07 3.650E-03 5.121E-05 4.116E-09 2.635E-06 9.156E+13 3.530E+07 5.049E-01
   4.550E+06 1.068E+03 3.684E+16 1.368E+01 4.014E+04 4.365E+05 1.343E-10 2.170E-09 4.269E-07 3.656E-03 5.134E-05 3.240E-09 2.552E-06 7.835E+13 3.667E+07 4.074E-01
   4.650E+06 9.140E+02 3.153E+16 9.356E+00 4.311E+04 2.980E+05 1.993E-10 2.376E-09 5.557E-07 3.662E-03 5.145E-05 2.582E-09 2.461E-06 6.704E+13 3.789E+07 3.378E-01
   4.750E+06 7.822E+02 2.698E+16 6.587E+00 4.538E+04 2.064E+05 2.806E-10 2.610E-09 7.125E-07 3.666E-03 5.155E-05 2.086E-09 2.360E-06 5.738E+13 3.882E+07 2.897E-01
   4.850E+06 6.695E+02 2.309E+16 4.788E+00 4.656E+04 1.450E+05 3.773E-10 2.878E-09 8.959E-07 3.670E-03 5.164E-05 1.711E-09 2.250E-06 4.910E+13 3.934E+07 2.580E-01
   4.950E+06 5.730E+02 1.976E+16 3.589E+00 4.642E+04 1.033E+05 4.875E-10 3.184E-09 1.102E-06 3.673E-03 5.171E-05 1.424E-09 2.131E-06 4.203E+13 3.940E+07 2.387E-01
   5.050E+06 4.905E+02 1.692E+16 2.763E+00 4.495E+04 7.460E+04 6.084E-10 3.533E-09 1.327E-06 3.675E-03 5.178E-05 1.200E-09 2.003E-06 3.597E+13 3.896E+07 2.284E-01
   5.150E+06 4.198E+02 1.448E+16 2.170E+00 4.227E+04 5.448E+04 7.370E-10 3.931E-09 1.563E-06 3.677E-03 5.184E-05 1.023E-09 1.867E-06 3.079E+13 3.805E+07 2.248E-01
   5.250E+06 3.594E+02 1.240E+16 1.728E+00 3.868E+04 4.018E+04 8.722E-10 4.381E-09 1.806E-06 3.679E-03 5.189E-05 8.811E-10 1.728E-06 2.636E+13 3.670E+07 2.260E-01
   5.350E+06 3.077E+02 1.061E+16 1.389E+00 3.450E+04 2.992E+04 1.017E-09 4.886E-09 2.051E-06 3.681E-03 5.194E-05 7.660E-10 1.585E-06 2.256E+13 3.497E+07 2.312E-01
   5.450E+06 2.634E+02 9.085E+15 1.124E+00 3.002E+04 2.251E+04 1.183E-09 5.450E-09 2.293E-06 3.682E-03 5.198E-05 6.730E-10 1.441E-06 1.932E+13 3.289E+07 2.404E-01
   5.550E+06 2.255E+02 7.778E+15 9.172E-01 2.549E+04 1.717E+04 1.398E-09 6.075E-09 2.531E-06 3.683E-03 5.202E-05 5.992E-10 1.295E-06 1.654E+13 3.050E+07 2.551E-01
   5.650E+06 1.931E+02 6.659E+15 7.605E-01 2.116E+04 1.331E+04 1.705E-09 6.766E-09 2.762E-06 3.684E-03 5.205E-05 5.425E-10 1.150E-06 1.416E+13 2.784E+07 2.781E-01
   5.750E+06 1.653E+02 5.702E+15 6.459E-01 1.720E+04 1.054E+04 2.174E-09 7.528E-09 2.984E-06 3.685E-03 5.208E-05 5.014E-10 1.011E-06 1.212E+13 2.499E+07 3.139E-01
   5.850E+06 1.415E+02 4.882E+15 5.641E-01 1.370E+04 8.561E+03 2.894E-09 8.368E-09 3.197E-06 3.686E-03 5.211E-05 4.757E-10 8.778E-07 1.038E+13 2.193E+07 3.686E-01
   5.950E+06 1.212E+02 4.181E+15 5.055E-01 1.071E+04 7.166E+03 3.970E-09 9.294E-09 3.400E-06 3.686E-03 5.214E-05 4.650E-10 7.532E-07 8.891E+12 1.870E+07 4.496E-01
   6.050E+06 1.038E+02 3.580E+15 4.616E-01 8.234E+03 6.102E+03 5.516E-09 1.032E-08 3.592E-06 3.687E-03 5.216E-05 4.623E-10 6.403E-07 7.614E+12 1.563E+07 5.639E-01
   6.150E+06 8.889E+01 3.066E+15 4.240E-01 6.244E+03 5.068E+03 7.651E-09 1.144E-08 3.773E-06 3.687E-03 5.218E-05 4.483E-10 5.396E-07 6.521E+12 1.399E+07 7.177E-01
   6.250E+06 7.613E+01 2.626E+15 3.980E-01 4.598E+03 7.015E+03 1.051E-08 1.268E-08 3.946E-06 3.688E-03 5.220E-05 7.245E-10 4.437E-07 5.586E+12 8.988E+06 9.565E-01
   6.350E+06 6.520E+01 2.249E+15 4.174E-01 3.276E+03 2.279E+04 1.422E-08 1.404E-08 4.110E-06 3.688E-03 5.222E-05 2.748E-09 3.544E-07 4.783E+12 2.018E+06 1.467E+00
   6.450E+06 5.585E+01 1.926E+15 4.391E-01 2.318E+03 4.652E+04 1.898E-08 1.552E-08 4.266E-06 3.688E-03 5.223E-05 6.548E-09 2.821E-07 4.091E+12 6.859E+05 2.263E+00
   6.550E+06 4.784E+01 1.650E+15 4.282E-01 1.640E+03 6.740E+04 2.497E-08 1.712E-08 4.417E-06 3.689E-03 5.225E-05 1.107E-08 2.251E-07 3.495E+12 3.308E+05 3.230E+00
   6.650E+06 4.098E+01 1.413E+15 3.911E-01 1.164E+03 8.140E+04 3.242E-08 1.883E-08 4.564E-06 3.689E-03 5.226E-05 1.561E-08 1.805E-07 2.980E+12 1.884E+05 4.294E+00
   6.750E+06 3.510E+01 1.211E+15 3.407E-01 8.310E+02 8.782E+04 4.156E-08 2.062E-08 4.708E-06 3.689E-03 5.228E-05 1.966E-08 1.458E-07 2.536E+12 1.166E+05 5.406E+00
   6.850E+06 3.007E+01 1.037E+15 2.872E-01 5.970E+02 8.752E+04 5.266E-08 2.248E-08 4.850E-06 3.690E-03 5.229E-05 2.287E-08 1.187E-07 2.155E+12 7.543E+04 6.536E+00
   6.950E+06 2.576E+01 8.887E+14 2.373E-01 4.322E+02 8.212E+04 6.601E-08 2.438E-08 4.991E-06 3.690E-03 5.230E-05 2.504E-08 9.745E-08 1.827E+12 4.992E+04 7.674E+00
   7.050E+06 2.207E+01 7.614E+14 1.940E-01 3.157E+02 7.344E+04 8.197E-08 2.629E-08 5.131E-06 3.690E-03 5.231E-05 2.614E-08 8.082E-08 1.546E+12 3.342E+04 8.828E+00
   7.150E+06 1.891E+01 6.524E+14 1.583E-01 2.330E+02 6.311E+04 1.010E-07 2.820E-08 5.272E-06 3.691E-03 5.232E-05 2.621E-08 6.776E-08 1.306E+12 2.248E+04 1.003E+01
   7.250E+06 1.621E+01 5.590E+14 1.292E-01 1.728E+02 5.276E+04 1.237E-07 3.008E-08 5.413E-06 3.691E-03 5.233E-05 2.557E-08 5.711E-08 1.101E+12 1.512E+04 1.133E+01
   7.350E+06 1.389E+01 4.790E+14 1.052E-01 1.278E+02 4.329E+04 1.510E-07 3.191E-08 5.555E-06 3.691E-03 5.234E-05 2.449E-08 4.805E-08 9.260E+11 1.013E+04 1.280E+01
   7.450E+06 1.190E+01 4.105E+14 8.551E-02 9.430E+01 3.487E+04 1.839E-07 3.368E-08 5.698E-06 3.691E-03 5.235E-05 2.301E-08 4.032E-08 7.759E+11 6.755E+03 1.447E+01
   7.550E+06 1.020E+01 3.518E+14 6.958E-02 6.934E+01 2.755E+04 2.240E-07 3.538E-08 5.842E-06 3.691E-03 5.236E-05 2.122E-08 3.375E-08 6.480E+11 4.475E+03 1.642E+01
   7.650E+06 8.740E+00 3.015E+14 5.673E-02 5.084E+01 2.136E+04 2.733E-07 3.698E-08 5.985E-06 3.692E-03 5.236E-05 1.920E-08 2.818E-08 5.390E+11 2.944E+03 1.871E+01
   7.750E+06 7.491E+00 2.584E+14 4.635E-02 3.717E+01 1.625E+04 3.341E-07 3.847E-08 6.128E-06 3.692E-03 5.237E-05 1.704E-08 2.348E-08 4.466E+11 1.922E+03 2.140E+01
   7.850E+06 6.420E+00 2.215E+14 3.787E-02 2.710E+01 1.213E+04 4.085E-07 3.985E-08 6.269E-06 3.692E-03 5.237E-05 1.484E-08 1.952E-08 3.685E+11 1.245E+03 2.454E+01
   7.950E+06 5.503E+00 1.898E+14 3.083E-02 1.970E+01 8.891E+03 4.979E-07 4.110E-08 6.407E-06 3.692E-03 5.237E-05 1.269E-08 1.620E-08 3.026E+11 7.991E+02 2.809E+01
   8.050E+06 4.717E+00 1.627E+14 2.489E-02 1.428E+01 6.395E+03 6.026E-07 4.222E-08 6.541E-06 3.692E-03 5.238E-05 1.065E-08 1.342E-08 2.474E+11 5.087E+02 3.193E+01
   8.150E+06 4.044E+00 1.395E+14 1.983E-02 1.033E+01 4.516E+03 7.215E-07 4.320E-08 6.669E-06 3.692E-03 5.238E-05 8.770E-09 1.110E-08 2.013E+11 3.212E+02 3.588E+01
   8.250E+06 3.467E+00 1.196E+14 1.555E-02 7.447E+00 3.134E+03 8.521E-07 4.405E-08 6.791E-06 3.692E-03 5.238E-05 7.098E-09 9.171E-09 1.630E+11 2.011E+02 3.972E+01
   8.350E+06 2.972E+00 1.025E+14 1.198E-02 5.359E+00 2.137E+03 9.910E-07 4.478E-08 6.905E-06 3.692E-03 5.238E-05 5.647E-09 7.571E-09 1.314E+11 1.250E+02 4.322E+01
   8.450E+06 2.548E+00 8.789E+13 9.049E-03 3.849E+00 1.434E+03 1.134E-06 4.539E-08 7.010E-06 3.692E-03 5.239E-05 4.421E-09 6.248E-09 1.055E+11 7.722E+01 4.615E+01
   8.550E+06 2.185E+00 7.536E+13 6.711E-03 2.760E+00 9.481E+02 1.278E-06 4.590E-08 7.105E-06 3.692E-03 5.239E-05 3.408E-09 5.155E-09 8.437E+10 4.743E+01 4.839E+01
   8.650E+06 1.873E+00 6.461E+13 4.892E-03 1.977E+00 6.179E+02 1.419E-06 4.632E-08 7.191E-06 3.692E-03 5.239E-05 2.590E-09 4.254E-09 6.721E+10 2.901E+01 4.985E+01
   8.750E+06 1.606E+00 5.541E+13 3.513E-03 1.415E+00 3.975E+02 1.554E-06 4.666E-08 7.267E-06 3.692E-03 5.239E-05 1.943E-09 3.513E-09 5.336E+10 1.770E+01 5.054E+01
   8.850E+06 1.377E+00 4.751E+13 2.489E-03 1.012E+00 2.528E+02 1.682E-06 4.693E-08 7.334E-06 3.692E-03 5.239E-05 1.441E-09 2.905E-09 4.224E+10 1.079E+01 5.051E+01
   8.950E+06 1.181E+00 4.075E+13 1.744E-03 7.246E-01 1.591E+02 1.801E-06 4.716E-08 7.391E-06 3.692E-03 5.239E-05 1.058E-09 2.406E-09 3.335E+10 6.598E+00 4.982E+01
   9.050E+06 1.013E+00 3.494E+13 1.210E-03 5.193E-01 9.924E+01 1.910E-06 4.733E-08 7.441E-06 3.692E-03 5.239E-05 7.692E-10 1.997E-09 2.627E+10 4.057E+00 4.856E+01
   9.150E+06 8.689E-01 2.997E+13 8.335E-04 3.729E-01 6.141E+01 2.007E-06 4.747E-08 7.483E-06 3.692E-03 5.239E-05 5.550E-10 1.663E-09 2.065E+10 2.519E+00 4.684E+01
   9.250E+06 7.452E-01 2.571E+13 5.709E-04 2.687E-01 3.775E+01 2.092E-06 4.759E-08 7.517E-06 3.692E-03 5.239E-05 3.977E-10 1.390E-09 1.620E+10 1.588E+00 4.474E+01
   9.350E+06 6.392E-01 2.205E+13 3.898E-04 1.944E-01 2.307E+01 2.166E-06 4.767E-08 7.546E-06 3.692E-03 5.239E-05 2.834E-10 1.169E-09 1.269E+10 1.021E+00 4.237E+01
   9.450E+06 5.483E-01 1.891E+13 2.658E-04 1.416E-01 1.403E+01 2.228E-06 4.774E-08 7.570E-06 3.692E-03 5.239E-05 2.009E-10 9.889E-10 9.917E+09 6.746E-01 3.981E+01
   9.550E+06 4.704E-01 1.622E+13 1.817E-04 1.040E-01 8.492E+00 2.281E-06 4.780E-08 7.589E-06 3.692E-03 5.239E-05 1.418E-10 8.445E-10 7.738E+09 4.597E-01 3.714E+01
   9.650E+06 4.035E-01 1.392E+13 1.248E-04 7.726E-02 5.120E+00 2.323E-06 4.784E-08 7.604E-06 3.692E-03 5.239E-05 9.965E-11 7.300E-10 6.023E+09 3.243E-01 3.441E+01
   9.750E+06 3.462E-01 1.194E+13 8.661E-05 5.832E-02 3.075E+00 2.358E-06 4.787E-08 7.616E-06 3.692E-03 5.239E-05 6.976E-11 6.413E-10 4.674E+09 2.371E-01 3.168E+01
   9.850E+06 2.970E-01 1.024E+13 6.095E-05 4.495E-02 1.839E+00 2.386E-06 4.790E-08 7.626E-06 3.692E-03 5.239E-05 4.863E-11 5.754E-10 3.612E+09 1.793E-01 2.896E+01
   9.950E+06 2.548E-01 8.790E+12 4.372E-05 3.558E-02 1.103E+00 2.408E-06 4.792E-08 7.634E-06 3.692E-03 5.239E-05 3.400E-11 5.303E-10 2.777E+09 1.401E-01 2.627E+01
