GPP  O2  CO2
1.16E+14 3.56E+13
1.16E+14 1.08E+14
1.16E+14 1.16E+14
1.16E+14 1.16E+14
1.16E+14 1.16E+14
1.16E+14 1.16E+14
1.16E+14 3.57E+13
1.16E+14 1.08E+14
1.16E+14 1.16E+14
1.16E+14 1.16E+14
1.16E+14 1.16E+14
1.16E+14 1.16E+14
5.15E+13 3.57E+13
5.15E+13 1.08E+14
5.15E+13 1.16E+14
5.15E+13 1.16E+14
5.15E+13 1.16E+14
5.15E+13 1.16E+14
1.58E+13 3.57E+13
1.58E+13 1.08E+14
1.58E+13 1.16E+14
1.58E+13 1.16E+14
1.58E+13 1.16E+14
1.58E+13 1.16E+14
5.66E+12 3.57E+13
5.66E+12 1.08E+14
5.66E+12 1.16E+14
5.66E+12 1.16E+14
5.66E+12 1.16E+14
5.66E+12 1.16E+14
2.10E+12 3.57E+13
2.10E+12 1.08E+14
2.10E+12 1.16E+14
2.10E+12 1.16E+14
2.10E+12 1.16E+14
2.10E+12 1.16E+14
1.08E+12 3.57E+13
1.08E+12 1.08E+14
1.08E+12 1.16E+14
1.08E+12 1.16E+14
1.08E+12 1.16E+14
1.08E+12 1.16E+14
delta  O2  CO2 H2SO4
-8.26E-01 1.98E+00 1.78E+01
-1.78E+00 1.67E+00 1.75E+01
-4.82E+00 4.59E+00 1.68E+01
-1.21E+01 1.18E+01 1.50E+01
-2.76E+01 2.72E+01 1.12E+01
-4.43E+01 4.39E+01 7.20E+00
-8.38E-01 2.13E+00 1.73E+01
-1.90E+00 1.85E+00 1.71E+01
-5.25E+00 5.05E+00 1.63E+01
-1.29E+01 1.27E+01 1.44E+01
-2.82E+01 2.78E+01 1.08E+01
-4.30E+01 4.26E+01 7.58E+00
-1.89E+00 2.21E+00 1.63E+01
-4.35E+00 1.90E+00 1.57E+01
-1.17E+01 5.00E+00 1.39E+01
-2.63E+01 1.15E+01 1.04E+01
-4.90E+01 2.14E+01 5.17E+00
-6.58E+01 2.88E+01 1.73E+00
-6.22E+00 2.21E+00 1.52E+01
-1.37E+01 1.81E+00 1.33E+01
-3.23E+01 4.18E+00 8.54E+00
-5.90E+01 7.74E+00 1.96E+00
-8.54E+01 1.13E+01 -4.07E+00
-9.98E+01 1.31E+01 -6.72E+00
-1.71E+01 1.99E+00 1.27E+01
-3.32E+01 1.47E+00 8.32E+00
-6.31E+01 2.76E+00 1.58E-01
-9.16E+01 4.09E+00 -7.43E+00
-1.12E+02 5.03E+00 -1.21E+01
-1.22E+02 5.47E+00 -1.34E+01
-3.90E+01 1.32E+00 3.42E+00
-6.21E+01 8.50E-01 -4.05E+00
-9.32E+01 1.30E+00 -1.40E+01
-1.15E+02 1.66E+00 -2.06E+01
-1.29E+02 1.87E+00 -2.32E+01
-1.35E+02 1.95E+00 -2.23E+01
-5.49E+01 6.15E-01 -8.20E+00
-7.68E+01 3.98E-01 -1.70E+01
-1.05E+02 5.93E-01 -2.82E+01
-1.25E+02 7.32E-01 -3.48E+01
-1.35E+02 7.96E-01 -3.58E+01
-1.39E+02 8.08E-01 -3.30E+01
OXYDEPI OXYRANI OXYUPI TPI-TLI(H2Q) FLOW(LCQ) FLOW(LN2Q)
1.690E+11 3.473E+11 -2.751E+08 3.333E+11
3.460E+11 1.120E+09
1.691E+11 4.332E+11 -6.651E+08 3.329E+11
3.460E+11 1.120E+09
1.694E+11 7.333E+11 -1.803E+09 3.316E+11
3.460E+11 1.120E+09
1.705E+11 1.599E+12 -4.466E+09 3.284E+11
3.460E+11 1.120E+09
1.756E+11 4.683E+12 -1.019E+10 3.216E+11
3.460E+11 1.120E+09
1.926E+11 1.363E+13 -1.600E+10 3.149E+11
3.460E+11 1.120E+09
1.332E+11 2.175E+11 -2.454E+08 3.227E+11
3.460E+11 1.120E+09
1.344E+11 3.041E+11 -6.323E+08 3.225E+11
3.460E+11 1.120E+09
1.348E+11 6.064E+11 -1.804E+09 3.212E+11
3.460E+11 1.120E+09
1.364E+11 1.479E+12 -4.451E+09 3.183E+11
3.460E+11 1.120E+09
1.430E+11 4.583E+12 -9.338E+09 3.131E+11
3.460E+11 1.120E+09
1.626E+11 1.356E+13 -1.278E+10 3.098E+11
3.460E+11 1.120E+09
1.023E+11 1.823E+11 -4.335E+08 3.165E+11
3.460E+11 1.120E+09
1.025E+11 2.687E+11 -1.083E+09 3.156E+11
3.460E+11 1.120E+09
1.030E+11 5.709E+11 -2.936E+09 3.127E+11
3.460E+11 1.120E+09
1.048E+11 1.442E+12 -6.468E+09 3.072E+11
3.460E+11 1.120E+09
1.124E+11 4.525E+12 -1.084E+10 3.001E+11
3.460E+11 1.120E+09
1.329E+11 1.337E+13 -1.124E+10 2.978E+11
3.460E+11 1.120E+09
7.723E+10 1.673E+11 -5.733E+08 3.184E+11
3.460E+11 1.120E+09
7.709E+10 2.532E+11 -1.338E+09 3.149E+11
3.460E+11 1.120E+09
7.716E+10 5.543E+11 -3.109E+09 3.066E+11
3.460E+11 1.120E+09
7.866E+10 1.420E+12 -5.341E+09 2.954E+11
3.460E+11 1.120E+09
8.579E+10 4.465E+12 -6.318E+09 2.866E+11
3.460E+11 1.120E+09
1.032E+11 1.316E+13 -4.574E+09 2.857E+11
3.460E+11 1.120E+09
5.662E+10 1.521E+11 -4.018E+08 3.327E+11
3.460E+11 1.120E+09
5.628E+10 2.377E+11 -7.886E+08 3.235E+11
3.460E+11 1.120E+09
5.604E+10 5.381E+11 -1.418E+09 3.069E+11
3.460E+11 1.120E+09
5.719E+10 1.401E+12 -1.828E+09 2.923E+11
3.460E+11 1.120E+09
6.238E+10 4.426E+12 -1.601E+09 2.848E+11
3.460E+11 1.120E+09
7.456E+10 1.305E+13 -8.046E+08 2.845E+11
3.460E+11 1.120E+09
3.204E+10 1.273E+11 -1.706E+08 3.536E+11
3.460E+11 1.120E+09
3.222E+10 2.139E+11 -2.559E+08 3.360E+11
3.460E+11 1.120E+09
3.300E+10 5.161E+11 -3.308E+08 3.130E+11
3.460E+11 1.120E+09
3.456E+10 1.379E+12 -3.263E+08 2.984E+11
3.460E+11 1.120E+09
3.782E+10 4.395E+12 -2.160E+08 2.931E+11
3.460E+11 1.120E+09
4.394E+10 1.298E+13 -1.103E+07 2.946E+11
3.460E+11 1.120E+09
2.017E+10 1.057E+11 -4.722E+07 3.628E+11
3.460E+11 1.120E+09
2.050E+10 1.938E+11 -5.843E+07 3.423E+11
3.460E+11 1.120E+09
2.125E+10 4.976E+11 -6.764E+07 3.183E+11
3.460E+11 1.120E+09
2.224E+10 1.360E+12 -6.365E+07 3.052E+11
3.460E+11 1.120E+09
2.352E+10 4.372E+12 -2.747E+07 3.032E+11
3.460E+11 1.120E+09
2.557E+10 1.295E+13 3.676E+07 3.075E+11
3.460E+11 1.120E+09
TP(H2O)-TL(H2O) XPALO2 1PALCO2
     OXYDEP = 1.551E+11  OXYRAN = 3.464E+11  OXYUP = 1.031E+05  TP-TL(H2O) = 3.034E+11
     OXYDEP = 1.553E+11  OXYRAN = 4.325E+11  OXYUP = 1.073E+05  TP-TL(H2O) = 3.034E+11
     OXYDEP = 1.552E+11  OXYRAN = 7.317E+11  OXYUP = 1.267E+05  TP-TL(H2O) = 3.034E+11
     OXYDEP = 1.594E+11  OXYRAN = 1.586E+12  OXYUP = 1.182E+05  TP-TL(H2O) = 3.035E+11
     OXYDEP = 1.642E+11  OXYRAN = 4.574E+12  OXYUP = 2.474E+05  TP-TL(H2O) = 3.038E+11
     OXYDEP = 1.835E+11  OXYRAN = 1.308E+13  OXYUP = 5.533E+05  TP-TL(H2O) = 3.048E+11
