  #        0         1         2         3         4         5         6         7         8         9        10        11        12        13        14        15        16        17        18        19        20        21        22        23        24        25        26        27        28        29        30        31        32        33        34        35        36        37        38        39        40        41        42        43        44        45        46        47        48        49        50        51        52
      53        54        55
 #Z(km)    DENTOT   H2CO      O         H2O       OH        HO2       H2O2      O3        H         H2        CH4       CO        CH3OOH    CH3O2     N2O       NO        NO2       HNO2      HNO3      HO2NO2    NO3       N2O5      CL2O2     CH3CL     HOCL      CL        CLO       HCL       CLONO2    O2        H2S       HS        SO        SO2       H2SO4     HSO       CO2       SO4AER    CH21      CH23      O1D       CH3       H3CO      HCO       N         NOCL      CLONO     CLO2      CL2       S         SO21      SO23      HSO3    
SO3       S2        N2      
    0.5  2.428E+19 3.811E+09 9.229E+03 2.736E+17 1.420E+06 2.670E+08 2.652E+10 3.704E+11 1.597E+00 1.170E+13 3.499E+13 1.926E+12 2.164E+10 1.654E+08 2.280E+12 6.884E+07 2.106E+08 4.491E+05 1.540E+09 4.705E+06 9.974E+04 6.391E+02 2.571E-03 1.066E+10 2.900E+06 1.679E+02 3.402E+05 1.464E+08 6.191E+06 5.099E+17 5.597E+07 2.366E+02 1.188E+01 7.357E+08 5.189E+07 3.894E+06 9.713E+15 1.929E+09 0.000E+00 0.000E+00 4.153E-03 3.953E-01 1.800E+02 2.845E-02 7.186E-69 1.854E+01 2.134E+02 2.181E-01 4.815E-01 1.427E-08 1.489E-04 1.084E-03 4.800E-03
    6.1  0.000E+00 2.376E+19
    1.5  2.208E+19 3.603E+09 1.178E+04 1.542E+17 1.490E+06 2.407E+08 2.482E+10 4.042E+11 1.568E+00 1.065E+13 3.173E+13 1.589E+12 1.930E+10 1.401E+08 2.073E+12 8.121E+07 2.240E+08 5.466E+05 2.127E+09 1.098E+07 1.044E+05 1.268E+03 5.982E-03 9.470E+09 2.913E+06 2.103E+02 3.672E+05 1.957E+08 7.168E+06 4.639E+17 5.325E+07 2.246E+02 1.705E+01 1.178E+09 9.234E+07 4.154E+06 8.933E+15 2.133E+09 0.000E+00 0.000E+00 5.560E-03 3.482E-01 2.087E+02 3.118E-02 6.507E-50 2.507E+01 2.643E+02 3.084E-01 5.766E-01 6.923E-08 2.873E-04 2.084E-03 9.217E-03
   18.4  0.000E+00 2.161E+19
    2.5  2.004E+19 3.239E+09 1.551E+04 8.322E+16 1.550E+06 2.127E+08 2.211E+10 4.549E+11 1.538E+00 9.669E+12 2.873E+13 1.317E+12 1.597E+10 1.142E+08 1.880E+12 9.503E+07 2.401E+08 6.534E+05 2.766E+09 2.638E+07 1.135E+05 2.748E+03 1.560E-02 8.406E+09 2.952E+06 2.571E+02 4.129E+05 2.480E+08 8.233E+06 4.210E+17 5.169E+07 2.094E+02 2.323E+01 1.493E+09 1.287E+08 4.139E+06 8.195E+15 2.659E+09 0.000E+00 0.000E+00 7.421E-03 3.024E-01 2.309E+02 3.220E-02 4.216E-34 3.303E+01 3.254E+02 4.291E-01 6.852E-01 2.402E-07 4.324E-04 3.130E-03 1.394E-02
   45.4  0.000E+00 1.961E+19
    3.5  1.814E+19 2.755E+09 2.038E+04 4.101E+16 1.545E+06 1.802E+08 1.819E+10 5.118E+11 1.459E+00 8.760E+12 2.596E+13 1.096E+12 1.208E+10 8.684E+07 1.701E+12 1.118E+08 2.559E+08 7.521E+05 3.259E+09 6.275E+07 1.200E+05 6.303E+03 4.252E-02 7.454E+09 2.931E+06 3.061E+02 4.665E+05 2.919E+08 9.469E+06 3.812E+17 5.133E+07 1.912E+02 3.115E+01 1.722E+09 1.556E+08 4.153E+06 7.496E+15 3.227E+09 0.000E+00 0.000E+00 9.582E-03 2.505E-01 2.393E+02 3.060E-02 6.839E-25 4.280E+01 3.910E+02 5.862E-01 7.818E-01 6.864E-07 5.864E-04 4.236E-03 1.845E-02
  107.3  0.000E+00 1.775E+19
    4.5  1.627E+19 2.277E+09 2.712E+04 2.303E+16 1.618E+06 1.559E+08 1.406E+10 5.622E+11 1.490E+00 7.860E+12 2.324E+13 9.102E+11 8.632E+09 6.903E+07 1.524E+12 1.276E+08 2.710E+08 8.675E+05 3.525E+09 1.156E+08 1.278E+05 1.264E+04 1.011E-01 6.551E+09 3.034E+06 3.681E+02 5.474E+05 3.252E+08 1.069E+07 3.419E+17 5.117E+07 1.868E+02 4.219E+01 1.873E+09 1.750E+08 4.177E+06 6.788E+15 3.700E+09 0.000E+00 0.000E+00 1.208E-02 2.325E-01 2.455E+02 2.937E-02 2.556E-19 5.356E+01 4.661E+02 7.494E-01 9.479E-01 1.707E-06 7.503E-04 5.414E-03 2.395E-02
  217.8  0.000E+00 1.592E+19
    5.5  1.461E+19 1.780E+09 3.494E+04 1.143E+16 1.586E+06 1.273E+08 1.027E+10 6.080E+11 1.424E+00 7.065E+12 2.085E+13 7.631E+11 5.824E+09 5.047E+07 1.368E+12 1.427E+08 2.713E+08 9.232E+05 3.551E+09 2.244E+08 1.221E+05 2.433E+04 2.693E-01 5.772E+09 3.131E+06 4.288E+02 6.313E+05 3.534E+08 1.064E+07 3.072E+17 5.307E+07 1.806E+02 5.787E+01 1.989E+09 1.818E+08 4.327E+06 6.152E+15 4.056E+09 0.000E+00 0.000E+00 1.466E-02 1.945E-01 2.344E+02 2.548E-02 1.430E-15 6.436E+01 5.152E+02 9.736E-01 1.112E+00 3.819E-06 9.283E-04 6.691E-03 2.869E-02
  459.6  0.000E+00 1.430E+19
    6.5  1.314E+19 1.280E+09 4.352E+04 4.907E+15 1.411E+06 9.756E+07 7.121E+09 6.465E+11 1.240E+00 6.359E+12 1.874E+13 6.467E+11 3.767E+09 3.539E+07 1.230E+12 1.428E+08 2.357E+08 8.046E+05 3.353E+09 3.995E+08 1.522E+05 4.685E+04 7.952E+00 5.096E+09 6.184E+06 1.484E+03 2.243E+06 3.795E+08 4.371E+06 2.763E+17 5.719E+07 1.680E+02 7.842E+01 2.071E+09 1.726E+08 4.592E+06 5.578E+15 4.269E+09 0.000E+00 0.000E+00 1.708E-02 1.457E-01 2.013E+02 1.925E-02 5.074E-13 1.198E+02 1.143E+03 3.961E+00 8.181E+00 7.816E-06 1.118E-03 8.050E-03 3.094E-02
 1004.6  0.000E+00 1.286E+19
    7.5  1.179E+19 8.411E+08 5.337E+04 1.953E+15 1.176E+06 7.182E+07 4.717E+09 6.753E+11 1.018E+00 5.707E+12 1.680E+13 5.513E+11 2.324E+09 2.305E+07 1.102E+12 1.326E+08 1.843E+08 6.097E+05 3.026E+09 5.466E+08 7.864E+04 6.028E+04 2.341E+00 4.549E+09 2.465E+06 4.419E+02 7.722E+05 3.407E+08 8.506E+06 2.479E+17 6.141E+07 1.484E+02 1.017E+02 2.084E+09 1.510E+08 4.783E+06 5.037E+15 4.325E+09 0.000E+00 0.000E+00 1.938E-02 9.591E-02 1.538E+02 1.286E-02 3.684E-11 5.366E+01 3.336E+02 1.402E+00 8.640E-01 1.462E-05 1.298E-03 9.347E-03 3.036E-02
 2144.2  0.000E+00 1.154E+19
    8.5  1.055E+19 5.424E+08 6.479E+04 7.013E+14 9.891E+05 5.174E+07 3.019E+09 6.960E+11 8.528E-01 5.107E+12 1.501E+13 4.721E+11 1.368E+09 1.460E+07 9.851E+11 1.306E+08 1.517E+08 4.938E+05 2.685E+09 5.998E+08 6.176E+04 1.021E+05 5.918E+00 4.053E+09 1.795E+06 4.217E+02 7.667E+05 3.074E+08 7.620E+06 2.218E+17 6.191E+07 1.260E+02 1.296E+02 1.988E+09 1.259E+08 4.621E+06 4.528E+15 4.248E+09 0.000E+00 0.000E+00 2.154E-02 6.503E-02 1.203E+02 8.584E-03 1.283E-09 4.709E+01 2.522E+02 1.609E+00 5.893E-01 2.469E-05 1.428E-03 1.027E-02 2.864E-02
 4854.9  0.000E+00 1.032E+19
    9.5  9.589E+18 3.379E+08 7.284E+04 1.238E+14 8.753E+05 3.431E+07 1.902E+09 7.272E+11 7.176E-01 4.644E+12 1.364E+13 4.129E+11 7.546E+08 7.270E+06 8.946E+11 1.547E+08 1.357E+08 5.271E+05 2.423E+09 5.612E+08 5.109E+04 2.317E+05 2.784E+01 3.672E+09 1.290E+06 4.647E+02 7.174E+05 2.844E+08 6.839E+06 2.017E+17 5.537E+07 1.003E+02 1.946E+02 1.778E+09 1.047E+08 3.936E+06 4.128E+15 4.158E+09 0.000E+00 0.000E+00 2.233E-02 3.738E-02 9.732E+01 5.535E-03 4.426E-08 6.029E+01 2.500E+02 2.794E+00 4.535E-01 3.693E-05 1.445E-03 1.039E-02 2.804E-02
 ******  0.000E+00 9.384E+18
   10.5  8.821E+18 1.905E+08 7.948E+04 7.997E+12 8.511E+05 2.109E+07 1.101E+09 7.976E+11 6.343E-01 4.273E+12 1.254E+13 3.635E+11 3.547E+08 2.855E+06 8.215E+11 2.085E+08 1.274E+08 7.287E+05 2.229E+09 4.350E+08 4.919E+04 3.667E+05 1.476E+02 3.365E+09 9.190E+05 5.902E+02 6.670E+05 2.704E+08 6.677E+06 1.855E+17 2.916E+07 5.032E+01 2.855E+02 1.312E+09 8.195E+07 2.193E+06 3.797E+15 4.107E+09 0.000E+00 0.000E+00 2.231E-02 1.896E-02 7.844E+01 3.277E-03 1.750E-06 1.057E+02 3.139E+02 7.450E+00 3.955E-01 4.392E-05 1.190E-03 8.558E-03 2.625E-02
 ******  0.000E+00 8.632E+18
   14.5  4.692E+18 3.663E+07 9.220E+05 4.663E+12 3.822E+05 6.196E+06 4.441E+07 2.512E+12 3.149E-01 2.276E+12 6.461E+12 1.182E+11 1.883E+07 1.058E+06 4.084E+11 1.283E+08 2.019E+08 1.363E+05 1.638E+09 1.907E+08 8.811E+04 1.082E+06 2.244E+03 1.629E+09 1.263E+06 5.569E+02 3.137E+06 2.760E+08 2.851E+07 9.868E+16 2.236E+05 6.319E-02 5.561E+01 1.082E+08 2.678E+06 4.500E+03 2.020E+15 2.573E+09 0.000E+00 0.000E+00 1.526E-01 1.189E-02 2.961E+01 1.000E-03 1.760E-03 3.353E+01 3.156E+02 3.739E+00 5.103E-01 2.759E-05 2.029E-04 1.458E-03 1.559E-03
 ******  0.000E+00 4.592E+18
   18.5  2.442E+18 4.041E+07 7.301E+06 3.315E+12 7.644E+05 1.172E+07 1.010E+08 4.683E+12 6.541E-01 1.175E+12 2.919E+12 2.614E+10 4.256E+07 2.034E+06 1.522E+11 8.361E+07 2.818E+08 1.040E+05 1.543E+09 2.105E+08 4.202E+05 5.671E+06 5.660E+04 5.789E+08 1.661E+07 1.653E+03 2.456E+07 2.447E+08 1.434E+08 5.134E+16 2.260E+01 7.856E-06 3.093E+00 1.162E+06 4.372E+04 1.628E-01 1.051E+15 9.381E+08 3.280-200 2.023-196 9.058E-01 4.376E-02 6.470E+01 2.835E-03 1.262E-01 3.224E+01 1.778E+03 3.950E+00 2.028E+01 2.755E-06 4.973E-06 3.541E-05 4.569E-05
  336.2  0.000E+00 2.389E+18
   22.5  1.316E+18 3.643E+07 2.588E+07 2.455E+12 1.755E+06 2.000E+07 1.889E+08 4.200E+12 3.144E+00 6.143E+11 1.247E+12 1.141E+10 3.420E+07 1.675E+06 4.321E+10 1.190E+08 3.607E+08 2.007E+05 9.981E+08 1.457E+08 5.250E+05 5.389E+06 9.466E+04 1.667E+08 4.539E+07 4.979E+03 4.250E+07 1.535E+08 1.351E+08 2.767E+16 1.284E-04 1.489E-10 1.140E-01 6.249E+03 3.285E+03 8.124E-07 5.671E+14 3.186E+08 1.713-111 1.057-107 3.532E+00 1.343E-01 1.356E+02 7.425E-03 7.100E+00 6.958E+01 3.698E+03 5.774E+00 1.668E+02 1.327E-07 6.868E-08 4.798E-07 7.640E-07
    4.2  0.000E+00 1.288E+18
   26.5  7.103E+17 2.909E+07 7.055E+07 1.669E+12 4.363E+06 2.684E+07 1.774E+08 2.494E+12 3.075E+01 3.158E+11 5.070E+11 6.644E+09 1.902E+07 1.511E+06 9.757E+09 1.583E+08 2.977E+08 3.697E+05 4.569E+08 4.015E+07 3.239E+05 1.279E+06 6.205E+04 4.062E+07 6.271E+07 1.574E+04 5.076E+07 9.529E+07 4.361E+07 1.493E+16 9.801E-11 9.670E-13 1.141E-02 1.219E+02 4.254E+03 1.197E-09 3.061E+14 1.184E+08 4.563E-63 2.815E-59 1.128E+01 4.556E-01 2.825E+02 2.062E-02 1.063E+02 1.355E+02 3.371E+03 7.966E+00 7.279E+02 1.621E-08 3.910E-09 2.673E-08 4.691E-08
    0.2  0.000E+00 6.951E+17
   30.5  3.878E+17 1.791E+07 1.760E+08 1.074E+12 1.033E+07 2.256E+07 6.099E+07 1.095E+12 4.232E+02 1.654E+11 1.979E+11 3.586E+09 6.488E+06 1.389E+06 1.886E+09 1.646E+08 1.347E+08 4.992E+05 1.398E+08 3.792E+06 1.125E+05 9.005E+04 2.191E+04 8.200E+06 3.888E+07 5.081E+04 4.561E+07 6.206E+07 5.134E+06 8.152E+15 3.445E-11 4.398E-12 2.602E-02 7.430E+01 2.312E+03 1.013E-09 1.672E+14 4.262E+07 1.692E-36 1.044E-32 2.793E+01 1.411E+00 5.095E+02 4.707E-02 5.244E+02 2.069E+02 1.726E+03 1.143E+01 1.455E+03 3.965E-08 7.239E-09 4.851E-08 8.214E-08
    0.3  0.000E+00 3.795E+17
   34.5  2.116E+17 9.557E+06 4.281E+08 6.497E+11 1.872E+07 1.451E+07 1.385E+07 3.297E+11 5.743E+03 9.280E+10 7.417E+10 1.980E+09 1.940E+06 1.248E+06 3.408E+08 1.207E+08 2.794E+07 3.469E+05 1.821E+07 1.438E+05 1.977E+04 1.529E+03 2.262E+03 1.351E+06 9.975E+06 1.593E+05 2.495E+07 5.064E+07 1.671E+05 4.447E+15 5.606E-11 1.979E-11 5.342E-02 6.122E+01 1.239E+03 7.078E-10 9.120E+13 1.394E+07 8.715E-22 5.377E-18 5.010E+01 3.947E+00 7.141E+02 8.205E-02 9.642E+02 2.187E+02 4.354E+02 1.369E+01 1.184E+03 9.209E-08 1.635E-08 1.074E-07 1.314E-07
    0.5  0.000E+00 2.070E+17
   38.5  1.207E+17 4.163E+06 7.737E+08 3.840E+11 1.956E+07 1.051E+07 5.891E+06 1.059E+11 3.272E+04 6.258E+10 3.037E+10 1.413E+09 8.355E+05 8.404E+05 6.685E+07 5.571E+07 3.334E+06 9.619E+04 1.061E+06 5.674E+03 1.940E+03 1.082E+01 1.331E+02 2.499E+05 1.976E+06 2.686E+05 8.450E+06 3.882E+07 2.839E+03 2.537E+15 1.394E-10 8.093E-11 1.294E-01 6.741E+01 6.732E+02 9.262E-10 5.203E+13 4.332E+06 1.225E-13 7.558E-10 5.699E+01 5.566E+00 5.985E+02 7.118E-02 1.219E+03 9.075E+01 4.472E+01 1.241E+01 3.964E+02 2.198E-07 3.913E-08 2.514E-07 1.681E-07
    0.6  0.000E+00 1.181E+17
   42.5  7.150E+16 1.495E+06 9.843E+08 2.238E+11 1.720E+07 8.420E+06 3.880E+06 3.802E+10 1.021E+05 4.777E+10 1.411E+10 1.260E+09 3.689E+05 3.910E+05 1.553E+07 2.178E+07 4.032E+05 2.222E+04 6.943E+04 3.402E+02 1.757E+02 9.110E-02 1.054E+01 6.940E+04 5.381E+05 3.223E+05 2.735E+06 2.580E+07 7.102E+01 1.503E+15 2.879E-10 2.150E-10 3.920E-01 7.084E+01 3.667E+02 2.445E-09 3.080E+13 1.289E+06 7.804E-09 4.816E-05 4.933E+01 4.435E+00 4.116E+02 3.904E-02 2.076E+03 2.650E+01 4.102E+00 1.521E+01 1.265E+02 4.401E-07 7.756E-08 4.824E-07 2.137E-07
    0.7  0.000E+00 6.997E+16
   46.5  4.083E+16 5.176E+05 9.634E+08 1.223E+11 1.488E+07 7.167E+06 2.961E+06 1.126E+10 2.642E+05 3.560E+10 6.480E+09 1.291E+09 1.452E+05 1.528E+05 4.019E+06 8.729E+06 7.301E+04 4.852E+03 6.544E+03 3.226E+01 1.897E+01 1.347E-03 4.597E-01 2.462E+04 1.335E+05 2.901E+05 7.077E+05 1.566E+07 2.156E+00 8.580E+14 5.309E-10 4.633E-10 8.728E-01 6.608E+01 1.827E+02 7.435E-09 1.758E+13 3.324E+05 5.416E-06 3.343E-02 3.018E+01 3.609E+00 2.566E+02 2.043E-02 2.630E+03 5.732E+00 4.082E-01 1.201E+01 2.790E+01 7.709E-07 1.313E-07 7.732E-07 2.224E-07
    0.7  0.000E+00 3.996E+16
   50.5  2.275E+16 3.259E+05 7.462E+08 6.365E+10 1.461E+07 7.055E+06 3.059E+06 2.782E+09 6.527E+05 2.573E+10 2.763E+09 1.539E+09 4.692E+04 4.531E+04 1.123E+06 3.966E+06 2.725E+04 1.316E+03 1.415E+03 7.080E+00 3.524E+00 6.793E-05 1.365E-02 9.948E+03 3.441E+04 2.080E+05 1.531E+05 8.961E+06 1.133E-01 4.779E+14 1.113E-09 9.976E-10 1.299E+00 5.175E+01 8.571E+01 1.929E-08 9.788E+12 7.002E+04 2.213E-04 1.366E+00 1.400E+01 2.841E+00 1.469E+02 2.108E-02 2.581E+03 1.097E+00 6.515E-02 7.175E+00 5.153E+00 1.130E-06 1.812E-07 9.762E-07 2.143E-07
    0.7  0.000E+00 2.226E+16
   54.5  1.232E+16 6.508E+05 4.817E+08 3.136E+10 1.755E+07 8.575E+06 4.443E+06 5.445E+08 1.771E+06 1.784E+10 1.022E+09 2.041E+09 1.342E+04 1.134E+04 3.210E+05 2.007E+06 1.942E+04 4.573E+02 6.620E+02 3.275E+00 1.074E+00 9.785E-06 2.220E-04 4.286E+03 8.285E+03 1.184E+05 2.548E+04 4.915E+06 8.120E-03 2.588E+14 3.279E-09 2.606E-09 1.119E+00 3.531E+01 3.855E+01 3.723E-08 5.297E+12 1.135E+04 1.542E-03 9.521E+00 5.150E+00 2.601E+00 8.587E+01 8.339E-02 1.759E+03 1.770E-01 1.493E-02 2.817E+00 7.129E-01 1.466E-06 2.140E-07 1.003E-06 2.028E-07
    0.7  0.000E+00 1.206E+16
   58.5  6.599E+15 7.172E+05 3.476E+08 1.468E+10 2.006E+07 9.701E+06 5.661E+06 1.171E+08 5.165E+06 1.201E+10 3.260E+08 2.586E+09 3.499E+03 2.688E+03 8.908E+04 1.063E+06 1.307E+04 1.564E+02 2.813E+02 1.342E+00 3.402E-01 1.343E-06 3.319E-06 1.960E+03 1.712E+03 6.477E+04 4.083E+03 2.642E+06 5.190E-04 1.386E+14 7.051E-09 5.296E-09 7.663E-01 2.239E+01 1.689E+01 5.387E-08 2.833E+12 1.349E+03 3.591E-03 2.217E+01 2.280E+00 2.245E+00 4.673E+01 1.838E-01 1.087E+03 2.841E-02 3.071E-03 1.060E+00 8.328E-02 1.787E-06 2.250E-07 8.682E-07 1.685E-07
    0.7  0.000E+00 6.457E+15
   62.5  3.453E+15 4.824E+05 3.134E+08 6.320E+09 1.856E+07 8.522E+06 4.471E+06 2.840E+07 1.541E+07 7.736E+09 9.300E+07 2.899E+09 8.170E+02 6.619E+02 2.170E+04 5.521E+05 5.464E+03 4.005E+01 5.984E+01 2.723E-01 6.891E-02 6.907E-08 4.936E-08 9.255E+02 2.613E+02 3.692E+04 6.791E+02 1.381E+06 2.000E-05 7.250E+13 8.305E-09 7.055E-09 5.370E-01 1.321E+01 7.141E+00 6.339E-08 1.479E+12 1.048E+02 4.375E-03 2.703E+01 1.505E+00 1.808E+00 2.073E+01 2.191E-01 7.267E+02 4.447E-03 3.884E-04 3.372E-01 7.993E-03 2.079E-06 2.077E-07 6.306E-07 9.665E-08
    0.5  0.000E+00 3.379E+15
   66.5  1.799E+15 2.640E+05 3.535E+08 2.518E+09 1.378E+07 5.609E+06 2.157E+06 7.999E+06 4.437E+07 4.798E+09 2.625E+07 2.890E+09 1.508E+02 1.470E+02 4.212E+03 2.785E+05 1.292E+03 7.876E+00 6.421E+00 2.553E-02 8.583E-03 1.282E-09 8.351E-10 4.521E+02 3.107E+01 2.258E+04 1.219E+02 7.159E+05 4.730E-07 3.775E+13 6.141E-09 7.306E-09 4.287E-01 7.362E+00 3.046E+00 6.398E-08 7.681E+11 4.691E+00 3.807E-03 2.353E+01 1.419E+00 1.083E+00 6.590E+00 1.825E-01 5.566E+02 7.158E-04 2.943E-05 1.074E-01 7.620E-04 2.290E-06 1.645E-07 3.918E-07 4.066E-08
    0.3  0.000E+00 1.760E+15
   70.5  9.378E+14 1.320E+05 3.954E+09 8.856E+08 2.750E+06 1.044E+06 3.766E+05 1.398E+07 3.166E+08 2.780E+09 7.764E+06 2.609E+09 1.282E+01 1.094E+01 4.029E+02 1.347E+05 1.897E+01 4.488E-01 2.657E-01 4.129E-04 2.727E-04 4.929E-12 5.219E-12 2.263E+02 4.603E-01 1.903E+04 1.288E+01 3.656E+05 1.619E-09 1.967E+13 8.788E-10 1.862E-09 9.376E-01 3.346E+00 1.337E+00 4.984E-08 3.986E+11 9.254E-02 2.898E-03 1.792E+01 2.969E+00 2.890E-02 2.384E-01 1.101E-01 1.412E+03 1.524E-04 1.913E-07 4.717E-02 1.128E-04 2.047E-06 9.572E-08 1.857E-07 3.703E-09
    0.0  0.000E+00 9.178E+14
   74.5  4.893E+14 1.131E+04 6.421E+10 2.755E+08 1.775E+05 2.911E+04 1.547E+04 4.790E+07 4.935E+08 1.467E+09 2.442E+06 2.027E+09 7.425E-01 2.053E+00 2.069E+01 6.142E+04 3.479E-01 6.349E-03 5.352E-03 9.241E-07 3.891E-06 5.677E-15 2.429E-13 1.145E+02 1.678E-04 2.887E+04 3.987E+00 1.715E+05 1.310E-13 1.022E+13 1.820E-12 1.375E-11 1.381E+00 9.308E-01 6.019E-01 3.932E-09 2.067E+11 3.114E-04 2.094E-03 1.300E+01 1.378E+01 8.011E-04 9.822E-03 1.126E-01 7.463E+03 5.504E-05 2.788E-09 3.718E-02 1.277E-04 1.115E-06 3.118E-08 5.216E-08 5.418E-11
    0.0  0.000E+00 4.789E+14
   78.5  2.555E+14 1.500E+03 1.699E+11 8.131E+07 3.271E+04 2.254E+03 5.594E+02 3.984E+07 3.737E+08 7.655E+08 7.474E+05 1.469E+09 4.404E-02 8.323E-01 1.311E+00 2.644E+04 7.672E-02 2.615E-04 1.097E-04 2.327E-09 4.584E-07 7.092E-18 1.115E-14 5.779E+01 1.452E-06 2.712E+04 1.178E+00 7.724E+04 1.681E-15 5.264E+12 1.670E-15 3.662E-13 8.515E-01 3.848E-01 2.684E-01 3.647E-10 1.069E+11 9.686E-09 1.362E-03 8.581E+00 2.676E+01 1.574E-04 8.560E-04 5.510E-02 1.191E+04 1.164E-05 3.022E-10 1.798E-02 5.799E-05 9.066E-07 1.415E-08 2.153E-08 2.302E-12
    0.0  0.000E+00 2.502E+14
   82.5  1.374E+14 4.539E+02 2.566E+11 2.379E+07 6.932E+03 2.650E+02 1.967E+01 2.428E+07 2.369E+08 4.106E+08 2.319E+05 1.052E+09 2.704E-03 4.143E-01 1.475E-01 1.109E+04 1.781E-02 1.373E-05 2.276E-06 8.270E-12 6.118E-08 2.110E-20 5.561E-16 2.985E+01 3.680E-08 2.037E+04 3.312E-01 3.546E+04 5.433E-17 2.741E+12 4.815E-17 2.134E-14 5.202E-01 1.521E-01 1.212E-01 5.029E-11 5.664E+10 3.716E-17 8.332E-04 5.423E+00 4.543E+01 5.098E-05 8.739E-05 2.135E-02 1.882E+04 2.108E-06 3.080E-11 1.203E-02 2.914E-05 6.936E-07 5.884E-09 8.479E-09 1.148E-13
    0.0  0.000E+00 1.346E+14
   86.5  7.113E+13 1.616E+02 2.826E+11 6.584E+06 1.179E+03 3.401E+01 7.256E-01 8.981E+06 1.327E+08 2.119E+08 6.998E+04 7.087E+08 1.660E-04 2.063E-01 3.391E-02 4.337E+03 3.660E-03 5.130E-07 4.652E-08 6.230E-14 6.790E-09 2.134E-22 1.339E-17 1.469E+01 9.595E-10 1.292E+04 6.703E-02 1.570E+04 1.329E-18 1.338E+12 2.457E-14 1.664E-15 2.980E-01 4.745E-02 5.131E-02 7.573E-12 2.858E+10 1.783E-33 5.031E-04 3.476E+00 7.577E+01 2.264E-05 9.364E-06 7.973E-03 2.594E+04 2.828E-07 2.196E-12 5.362E-03 8.237E-06 4.458E-07 1.891E-09 2.638E-09 3.609E-15
    0.0  0.000E+00 6.976E+13
   90.5  3.540E+13 5.146E+01 2.570E+11 1.738E+06 1.576E+02 4.367E+00 2.804E-02 2.063E+06 6.884E+07 1.052E+08 2.076E+04 4.545E+08 1.028E-05 9.792E-02 1.424E-02 1.664E+03 6.978E-04 1.305E-08 9.573E-10 6.833E-16 6.389E-10 2.026E-24 1.373E-19 6.806E+00 1.910E-11 7.291E+03 9.660E-03 6.696E+03 1.907E-20 6.042E+11 3.835E-17 1.433E-16 1.544E-01 1.152E-02 1.978E-02 1.116E-12 1.360E+10 4.689E-66 3.073E-04 2.345E+00 1.371E+02 1.322E-05 1.181E-06 3.072E-03 2.743E+04 3.021E-08 1.164E-13 1.257E-03 1.089E-06 2.407E-07 4.669E-10 6.395E-10 6.610E-17
    0.0  0.000E+00 3.478E+13
   94.5  1.745E+13 1.546E+01 2.071E+11 4.629E+05 1.865E+01 5.731E-01 1.169E-03 3.454E+05 3.464E+07 5.146E+07 6.364E+03 2.841E+08 6.688E-07 4.446E-02 7.384E-03 6.789E+02 1.382E-04 2.899E-10 2.109E-11 8.019E-18 5.946E-11 1.689E-26 8.065E-22 3.007E+00 3.200E-13 3.821E+03 1.116E-03 2.848E+03 2.069E-22 2.568E+11 5.997E-20 1.384E-17 7.320E-02 2.357E-03 6.809E-03 1.633E-13 6.199E+09 1.745E-87 1.945E-04 1.725E+00 2.519E+02 9.195E-06 2.011E-07 1.291E-03 2.151E+04 3.031E-09 5.599E-15 1.828E-04 8.300E-08 1.162E-07 9.628E-11 1.307E-10 8.887E-19
    0.0  0.000E+00 1.719E+13
   98.5  8.783E+12 5.698E+00 1.544E+11 1.417E+05 2.377E+00 8.110E-02 6.597E-05 5.176E+04 1.748E+07 2.545E+07 2.206E+03 1.742E+08 5.630E-08 1.950E-02 3.631E-03 3.092E+02 3.118E-05 7.899E-12 5.897E-13 1.185E-19 6.432E-12 1.802E-28 4.116E-24 1.281E+00 5.782E-15 1.909E+03 1.185E-04 1.267E+03 2.618E-24 1.064E+11 7.950E-23 1.574E-18 3.252E-02 4.587E-04 2.039E-03 2.478E-14 2.747E+09 8.783E-88 1.355E-04 1.464E+00 3.750E+02 6.356E-06 4.705E-08 6.336E-04 1.638E+04 3.309E-10 2.991E-16 2.530E-05 5.740E-09 5.471E-08 1.881E-11 2.541E-11 1.342E-20
    0.0  0.000E+00 8.674E+12
