     zkm      totH2O    totH      totH2    totCH4    tothyd
  5.000E-01 1.128E-02 5.287E-21 8.772E-07 4.645E-06 1.129E-02
  1.500E+00 7.256E-03 5.949E-21 8.777E-07 4.631E-06 7.261E-03
  2.500E+00 4.510E-03 6.662E-21 8.783E-07 4.619E-06 4.515E-03
  3.500E+00 2.592E-03 7.203E-21 8.789E-07 4.609E-06 2.597E-03
  4.500E+00 1.735E-03 8.365E-21 8.794E-07 4.601E-06 1.741E-03
  5.500E+00 1.043E-03 9.078E-21 8.799E-07 4.594E-06 1.049E-03
  6.500E+00 5.554E-04 8.933E-21 8.803E-07 4.588E-06 5.609E-04
  7.500E+00 2.857E-04 8.511E-21 8.806E-07 4.584E-06 2.912E-04
  8.500E+00 1.416E-04 8.427E-21 8.808E-07 4.580E-06 1.470E-04
  9.500E+00 3.846E-05 8.315E-21 8.810E-07 4.577E-06 4.392E-05
  1.050E+01 5.424E-06 8.365E-21 8.810E-07 4.573E-06 1.088E-05
  1.150E+01 3.779E-06 8.584E-21 8.810E-07 4.565E-06 9.226E-06
  1.250E+01 3.797E-06 7.858E-21 8.805E-07 4.548E-06 9.225E-06
  1.350E+01 3.832E-06 6.772E-21 8.790E-07 4.514E-06 9.225E-06
  1.450E+01 3.892E-06 6.116E-21 8.760E-07 4.456E-06 9.224E-06
  1.550E+01 3.978E-06 6.264E-21 8.710E-07 4.374E-06 9.223E-06
  1.650E+01 4.091E-06 8.345E-21 8.638E-07 4.267E-06 9.221E-06
  1.750E+01 4.229E-06 1.030E-20 8.541E-07 4.137E-06 9.219E-06
  1.850E+01 4.386E-06 1.516E-20 8.422E-07 3.988E-06 9.217E-06
  1.950E+01 4.558E-06 2.140E-20 8.283E-07 3.828E-06 9.214E-06
  2.050E+01 4.737E-06 3.187E-20 8.129E-07 3.662E-06 9.212E-06
  2.150E+01 4.920E-06 5.126E-20 7.961E-07 3.493E-06 9.209E-06
  2.250E+01 5.106E-06 8.540E-20 7.781E-07 3.322E-06 9.206E-06
  2.350E+01 5.293E-06 1.463E-19 7.590E-07 3.151E-06 9.203E-06
  2.450E+01 5.480E-06 2.572E-19 7.387E-07 2.981E-06 9.200E-06
  2.550E+01 5.669E-06 4.643E-19 7.172E-07 2.811E-06 9.197E-06
  2.650E+01 5.859E-06 8.655E-19 6.945E-07 2.640E-06 9.194E-06
  2.750E+01 6.050E-06 1.677E-18 6.704E-07 2.470E-06 9.191E-06
  2.850E+01 6.242E-06 3.398E-18 6.452E-07 2.301E-06 9.188E-06
  2.950E+01 6.435E-06 7.215E-18 6.185E-07 2.131E-06 9.185E-06
  3.050E+01 6.629E-06 1.600E-17 5.907E-07 1.962E-06 9.182E-06
  3.150E+01 6.819E-06 3.673E-17 5.622E-07 1.797E-06 9.178E-06
  3.250E+01 7.007E-06 8.609E-17 5.333E-07 1.635E-06 9.175E-06
  3.350E+01 7.190E-06 2.086E-16 5.043E-07 1.477E-06 9.172E-06
  3.450E+01 7.366E-06 5.022E-16 4.759E-07 1.326E-06 9.168E-06
  3.550E+01 7.533E-06 1.194E-15 4.489E-07 1.182E-06 9.164E-06
  3.650E+01 7.686E-06 2.819E-15 4.244E-07 1.050E-06 9.160E-06
  3.750E+01 7.823E-06 6.634E-15 4.031E-07 9.297E-07 9.156E-06
  3.850E+01 7.945E-06 1.556E-14 3.856E-07 8.209E-07 9.151E-06
  3.950E+01 8.049E-06 3.589E-14 3.727E-07 7.248E-07 9.146E-06
  4.050E+01 8.134E-06 7.956E-14 3.653E-07 6.410E-07 9.141E-06
  4.150E+01 8.202E-06 1.657E-13 3.641E-07 5.688E-07 9.135E-06
  4.250E+01 8.251E-06 3.197E-13 3.697E-07 5.080E-07 9.129E-06
  4.350E+01 8.282E-06 5.724E-13 3.824E-07 4.576E-07 9.122E-06
  4.450E+01 8.297E-06 9.594E-13 4.025E-07 4.160E-07 9.115E-06
  4.550E+01 8.296E-06 1.525E-12 4.303E-07 3.814E-07 9.108E-06
  4.650E+01 8.282E-06 2.328E-12 4.656E-07 3.528E-07 9.101E-06
  4.750E+01 8.256E-06 3.452E-12 5.087E-07 3.290E-07 9.093E-06
  4.850E+01 8.217E-06 4.937E-12 5.596E-07 3.090E-07 9.085E-06
  4.950E+01 8.167E-06 6.910E-12 6.180E-07 2.921E-07 9.077E-06
  5.050E+01 8.108E-06 9.581E-12 6.835E-07 2.778E-07 9.069E-06
  5.150E+01 8.039E-06 1.320E-11 7.555E-07 2.654E-07 9.060E-06
  5.250E+01 7.964E-06 1.781E-11 8.327E-07 2.548E-07 9.052E-06
  5.350E+01 7.884E-06 2.372E-11 9.142E-07 2.455E-07 9.043E-06
  5.450E+01 7.797E-06 3.160E-11 1.000E-06 2.372E-07 9.035E-06
  5.550E+01 7.706E-06 4.210E-11 1.091E-06 2.296E-07 9.026E-06
  5.650E+01 7.610E-06 5.616E-11 1.185E-06 2.225E-07 9.017E-06
  5.750E+01 7.510E-06 7.507E-11 1.283E-06 2.159E-07 9.009E-06
  5.850E+01 7.407E-06 1.006E-10 1.384E-06 2.095E-07 9.000E-06
  5.950E+01 7.299E-06 1.353E-10 1.489E-06 2.032E-07 8.991E-06
  6.050E+01 7.188E-06 1.825E-10 1.597E-06 1.971E-07 8.982E-06
  6.150E+01 7.073E-06 2.472E-10 1.708E-06 1.910E-07 8.973E-06
  6.250E+01 6.956E-06 3.364E-10 1.823E-06 1.849E-07 8.964E-06
  6.350E+01 6.837E-06 4.161E-10 1.938E-06 1.789E-07 8.954E-06
  6.450E+01 6.716E-06 5.970E-10 2.056E-06 1.729E-07 8.945E-06
  6.550E+01 6.588E-06 8.608E-10 2.180E-06 1.667E-07 8.936E-06
  6.650E+01 6.455E-06 1.196E-09 2.309E-06 1.602E-07 8.926E-06
  6.750E+01 6.316E-06 1.715E-09 2.444E-06 1.535E-07 8.915E-06
  6.850E+01 6.172E-06 2.451E-09 2.583E-06 1.467E-07 8.904E-06
  6.950E+01 6.021E-06 3.576E-09 2.728E-06 1.397E-07 8.893E-06
  7.050E+01 5.866E-06 5.202E-09 2.877E-06 1.327E-07 8.881E-06
  7.150E+01 5.704E-06 7.807E-09 3.031E-06 1.258E-07 8.869E-06
  7.250E+01 5.531E-06 1.170E-08 3.194E-06 1.187E-07 8.855E-06
  7.350E+01 5.337E-06 1.769E-08 3.374E-06 1.113E-07 8.840E-06
  7.450E+01 5.122E-06 2.659E-08 3.571E-06 1.036E-07 8.824E-06
  7.550E+01 4.886E-06 4.018E-08 3.783E-06 9.578E-08 8.805E-06
  7.650E+01 4.631E-06 6.010E-08 4.005E-06 8.794E-08 8.784E-06
  7.750E+01 4.358E-06 9.163E-08 4.230E-06 8.023E-08 8.760E-06
  7.850E+01 4.064E-06 1.488E-07 4.447E-06 7.277E-08 8.733E-06
  7.950E+01 3.734E-06 2.774E-07 4.629E-06 6.565E-08 8.706E-06
  8.050E+01 3.376E-06 4.986E-07 4.746E-06 5.896E-08 8.679E-06
  8.150E+01 3.019E-06 7.638E-07 4.811E-06 5.274E-08 8.646E-06
  8.250E+01 2.681E-06 1.035E-06 4.845E-06 4.701E-08 8.609E-06
  8.350E+01 2.370E-06 1.294E-06 4.863E-06 4.179E-08 8.569E-06
  8.450E+01 2.087E-06 1.533E-06 4.872E-06 3.708E-08 8.529E-06
  8.550E+01 1.834E-06 1.746E-06 4.876E-06 3.285E-08 8.488E-06
  8.650E+01 1.608E-06 1.933E-06 4.878E-06 2.907E-08 8.448E-06
  8.750E+01 1.408E-06 2.097E-06 4.877E-06 2.571E-08 8.407E-06
  8.850E+01 1.231E-06 2.238E-06 4.876E-06 2.272E-08 8.367E-06
  8.950E+01 1.075E-06 2.359E-06 4.873E-06 2.009E-08 8.327E-06
  9.050E+01 9.397E-07 2.461E-06 4.870E-06 1.778E-08 8.288E-06
  9.150E+01 8.210E-07 2.547E-06 4.865E-06 1.575E-08 8.249E-06
  9.250E+01 7.177E-07 2.618E-06 4.859E-06 1.398E-08 8.209E-06
  9.350E+01 6.286E-07 2.677E-06 4.851E-06 1.244E-08 8.169E-06
  9.450E+01 5.522E-07 2.724E-06 4.840E-06 1.112E-08 8.128E-06
  9.550E+01 4.876E-07 2.761E-06 4.828E-06 9.997E-09 8.086E-06
  9.650E+01 4.340E-07 2.788E-06 4.812E-06 9.061E-09 8.043E-06
  9.750E+01 3.907E-07 2.806E-06 4.792E-06 8.301E-09 7.997E-06
  9.850E+01 3.574E-07 2.814E-06 4.768E-06 7.708E-09 7.947E-06
  9.950E+01 3.341E-07 2.812E-06 4.739E-06 7.279E-09 7.892E-06
