
     Z         PRESS      DEN     ProOH1    ProOH25    ProO3D    PO2D       PO2      PH2O      PO3D      PH2O2     FO3      FH2O      NumO2      NumOH      NumO1D
   5.000E+04 9.550E+05 2.401E+19 3.457E+05 4.220E-12 2.607E+06 0.000E+00 3.939E-28 1.282E-29 6.890E-06 2.245E-06 1.576E-08 1.371E-02 5.041E+18 1.230E+06 3.200E-03
   1.500E+05 8.471E+05 2.179E+19 2.612E+05 7.907E-11 2.998E+06 0.000E+00 8.991E-27 4.231E-28 7.364E-06 2.426E-06 1.868E-08 8.579E-03 4.575E+18 1.297E+06 4.234E-03
   2.500E+05 7.494E+05 1.973E+19 1.892E+05 1.348E-09 3.466E+06 0.000E+00 1.958E-25 1.313E-26 7.721E-06 2.588E-06 2.275E-08 5.204E-03 4.143E+18 1.362E+06 5.554E-03
   3.500E+05 6.610E+05 1.782E+19 1.222E+05 1.698E-08 3.907E+06 0.000E+00 3.543E-24 3.264E-25 7.916E-06 2.735E-06 2.770E-08 2.920E-03 3.743E+18 1.386E+06 7.040E-03
   4.500E+05 5.812E+05 1.606E+19 7.098E+04 1.585E-07 4.245E+06 0.000E+00 5.308E-23 6.402E-24 7.977E-06 2.867E-06 3.314E-08 1.542E-03 3.373E+18 1.386E+06 8.538E-03
   5.500E+05 5.095E+05 1.443E+19 3.750E+04 1.105E-06 4.434E+06 0.000E+00 6.560E-22 9.861E-23 7.936E-06 2.988E-06 3.871E-08 7.761E-04 3.031E+18 1.349E+06 9.910E-03
   6.500E+05 4.451E+05 1.294E+19 1.793E+04 5.701E-06 4.464E+06 0.000E+00 6.671E-21 1.197E-21 7.816E-06 3.098E-06 4.414E-08 3.681E-04 2.717E+18 1.229E+06 1.107E-02
   7.500E+05 3.875E+05 1.157E+19 7.674E+03 2.159E-05 4.355E+06 0.000E+00 5.587E-20 1.154E-20 7.616E-06 3.199E-06 4.943E-08 1.617E-04 2.429E+18 1.045E+06 1.198E-02
   8.500E+05 3.361E+05 1.031E+19 2.871E+03 5.879E-05 4.146E+06 0.000E+00 3.870E-19 8.949E-20 7.351E-06 3.293E-06 5.472E-08 6.373E-05 2.165E+18 9.070E+05 1.267E-02
   9.500E+05 2.904E+05 9.156E+18 8.813E+02 1.082E-04 3.893E+06 0.000E+00 2.232E-18 5.652E-19 7.040E-06 3.382E-06 6.039E-08 2.091E-05 1.923E+18 8.444E+05 1.324E-02
   1.050E+06 2.498E+05 8.107E+18 1.715E+02 1.024E-04 3.711E+06 0.000E+00 1.082E-17 2.948E-18 6.673E-06 3.465E-06 6.861E-08 4.287E-06 1.703E+18 7.940E+05 1.408E-02
   1.150E+06 2.140E+05 7.152E+18 1.760E+02 3.957E-04 3.820E+06 0.000E+00 4.456E-17 1.289E-17 6.261E-06 3.543E-06 8.532E-08 4.292E-06 1.502E+18 7.267E+05 1.622E-02
   1.250E+06 1.829E+05 6.116E+18 2.187E+02 1.244E-03 4.735E+06 0.000E+00 1.558E-16 4.727E-17 6.382E-06 3.618E-06 1.213E-07 4.302E-06 1.285E+18 5.469E+05 2.350E-02
   1.350E+06 1.563E+05 5.227E+18 3.064E+02 3.310E-03 6.603E+06 0.000E+00 4.653E-16 1.465E-16 6.517E-06 3.690E-06 1.938E-07 4.323E-06 1.098E+18 3.930E+05 3.834E-02
   1.450E+06 1.336E+05 4.468E+18 4.433E+02 7.708E-03 9.478E+06 0.000E+00 1.224E-15 3.959E-16 6.674E-06 3.759E-06 3.179E-07 4.358E-06 9.383E+17 3.191E+05 6.439E-02
   1.550E+06 1.142E+05 3.819E+18 6.195E+02 1.614E-02 1.309E+07 0.000E+00 2.911E-15 9.589E-16 6.876E-06 3.827E-06 4.986E-07 4.408E-06 8.020E+17 2.938E+05 1.040E-01
   1.650E+06 9.763E+04 3.264E+18 8.293E+02 3.110E-02 1.727E+07 0.000E+00 6.396E-15 2.129E-15 7.148E-06 3.897E-06 7.401E-07 4.474E-06 6.856E+17 2.908E+05 1.605E-01
   1.750E+06 8.346E+04 2.790E+18 1.065E+03 5.606E-02 2.180E+07 0.000E+00 1.320E-14 4.412E-15 7.521E-06 3.969E-06 1.039E-06 4.554E-06 5.860E+17 3.022E+05 2.371E-01
   1.850E+06 7.135E+04 2.385E+18 1.329E+03 9.599E-02 2.666E+07 0.000E+00 2.589E-14 8.664E-15 8.030E-06 4.045E-06 1.392E-06 4.644E-06 5.010E+17 3.259E+05 3.392E-01
   1.950E+06 6.100E+04 2.039E+18 1.623E+03 1.583E-01 3.189E+07 0.000E+00 4.878E-14 1.636E-14 8.715E-06 4.128E-06 1.794E-06 4.743E-06 4.283E+17 3.624E+05 4.746E-01
   2.050E+06 5.215E+04 1.744E+18 1.952E+03 2.553E-01 3.753E+07 0.000E+00 8.895E-14 3.021E-14 9.622E-06 4.218E-06 2.237E-06 4.846E-06 3.662E+17 4.145E+05 6.533E-01
   2.150E+06 4.460E+04 1.485E+18 2.340E+03 4.077E-01 4.400E+07 0.000E+00 1.579E-13 5.544E-14 1.090E-05 4.318E-06 2.719E-06 4.952E-06 3.118E+17 4.904E+05 9.011E-01
   2.250E+06 3.818E+04 1.265E+18 2.798E+03 6.567E-01 5.144E+07 0.000E+00 2.740E-13 1.026E-13 1.254E-05 4.429E-06 3.243E-06 5.060E-06 2.657E+17 5.923E+05 1.239E+00
   2.350E+06 3.270E+04 1.079E+18 3.343E+03 1.076E+00 6.012E+07 0.000E+00 4.670E-13 1.929E-13 1.464E-05 4.555E-06 3.808E-06 5.169E-06 2.265E+17 7.278E+05 1.702E+00
   2.450E+06 2.803E+04 9.206E+17 3.992E+03 1.787E+00 7.025E+07 0.000E+00 7.839E-13 3.677E-13 1.729E-05 4.699E-06 4.412E-06 5.279E-06 1.933E+17 9.065E+05 2.335E+00
   2.550E+06 2.405E+04 7.862E+17 4.767E+03 2.979E+00 8.210E+07 0.000E+00 1.296E-12 7.030E-13 2.067E-05 4.866E-06 5.053E-06 5.391E-06 1.651E+17 1.141E+06 3.201E+00
   2.650E+06 2.064E+04 6.719E+17 5.694E+03 4.929E+00 9.599E+07 0.000E+00 2.107E-12 1.333E-12 2.498E-05 5.063E-06 5.719E-06 5.504E-06 1.411E+17 1.449E+06 4.388E+00
   2.750E+06 1.773E+04 5.747E+17 6.791E+03 8.020E+00 1.121E+08 0.000E+00 3.364E-12 2.484E-12 3.053E-05 5.299E-06 6.387E-06 5.619E-06 1.207E+17 1.850E+06 6.002E+00
   2.850E+06 1.525E+04 4.919E+17 8.068E+03 1.278E+01 1.304E+08 0.000E+00 5.261E-12 4.532E-12 3.772E-05 5.584E-06 7.027E-06 5.735E-06 1.033E+17 2.370E+06 8.173E+00
   2.950E+06 1.312E+04 4.213E+17 9.534E+03 1.994E+01 1.508E+08 4.925-288 8.045E-12 8.086E-12 4.706E-05 5.932E-06 7.608E-06 5.853E-06 8.847E+16 3.039E+06 1.106E+01
   3.050E+06 1.129E+04 3.611E+17 1.117E+04 3.042E+01 1.731E+08 1.079-249 1.202E-11 1.410E-11 5.924E-05 6.361E-06 8.089E-06 5.972E-06 7.583E+16 3.891E+06 1.484E+01
   3.150E+06 9.729E+03 3.098E+17 1.292E+04 4.531E+01 1.962E+08 8.378-217 1.751E-11 2.401E-11 7.514E-05 6.889E-06 8.428E-06 6.092E-06 6.504E+16 4.963E+06 1.964E+01
   3.250E+06 8.388E+03 2.659E+17 1.470E+04 6.574E+01 2.187E+08 1.438-188 2.489E-11 3.980E-11 9.583E-05 7.538E-06 8.582E-06 6.211E-06 5.583E+16 6.287E+06 2.556E+01
   3.350E+06 7.240E+03 2.271E+17 1.622E+04 9.182E+01 2.365E+08 2.622-164 3.443E-11 6.389E-11 1.229E-04 8.322E-06 8.473E-06 6.329E-06 4.767E+16 7.825E+06 3.252E+01
   3.450E+06 6.260E+03 1.940E+17 1.743E+04 1.236E+02 2.491E+08 1.448-143 4.626E-11 9.882E-11 1.574E-04 9.250E-06 8.160E-06 6.445E-06 4.073E+16 9.579E+06 4.029E+01
   3.550E+06 5.422E+03 1.661E+17 1.837E+04 1.602E+02 2.576E+08 8.035-126 6.040E-11 1.471E-10 2.009E-04 1.033E-05 7.722E-06 6.557E-06 3.486E+16 1.154E+07 4.892E+01
   3.650E+06 4.704E+03 1.424E+17 1.912E+04 2.001E+02 2.634E+08 1.297-110 7.679E-11 2.110E-10 2.563E-04 1.157E-05 7.219E-06 6.662E-06 2.990E+16 1.369E+07 5.861E+01
   3.750E+06 4.088E+03 1.223E+17 1.974E+04 2.417E+02 2.678E+08 1.481E-97 9.524E-11 2.923E-10 3.274E-04 1.298E-05 6.686E-06 6.758E-06 2.569E+16 1.600E+07 6.968E+01
   3.850E+06 3.559E+03 1.053E+17 2.027E+04 2.829E+02 2.710E+08 2.521E-86 1.155E-10 3.925E-10 4.187E-04 1.457E-05 6.148E-06 6.846E-06 2.211E+16 1.840E+07 8.232E+01
   3.950E+06 3.103E+03 9.079E+16 2.068E+04 3.223E+02 2.729E+08 1.198E-76 1.372E-10 5.127E-10 5.343E-04 1.635E-05 5.627E-06 6.923E-06 1.906E+16 2.076E+07 9.658E+01
   4.050E+06 2.710E+03 7.840E+16 2.087E+04 3.585E+02 2.724E+08 2.697E-68 1.600E-10 6.541E-10 6.763E-04 1.830E-05 5.137E-06 6.989E-06 1.646E+16 2.288E+07 1.121E+02
   4.150E+06 2.370E+03 6.782E+16 2.073E+04 3.907E+02 2.681E+08 4.487E-61 1.834E-10 8.178E-10 8.447E-04 2.041E-05 4.680E-06 7.045E-06 1.424E+16 2.454E+07 1.281E+02
   4.250E+06 2.076E+03 5.877E+16 2.019E+04 4.188E+02 2.591E+08 8.043E-55 2.072E-10 1.005E-09 1.036E-03 2.264E-05 4.256E-06 7.089E-06 1.234E+16 2.560E+07 1.435E+02
   4.350E+06 1.821E+03 5.100E+16 1.918E+04 4.424E+02 2.446E+08 2.146E-49 2.310E-10 1.218E-09 1.245E-03 2.493E-05 3.852E-06 7.121E-06 1.071E+16 2.598E+07 1.567E+02
   4.450E+06 1.600E+03 4.433E+16 1.770E+04 4.619E+02 2.248E+08 1.117E-44 2.545E-10 1.459E-09 1.464E-03 2.723E-05 3.465E-06 7.142E-06 9.305E+15 2.571E+07 1.664E+02
   4.550E+06 1.407E+03 3.859E+16 1.587E+04 4.777E+02 2.010E+08 1.428E-40 2.774E-10 1.731E-09 1.684E-03 2.947E-05 3.094E-06 7.153E-06 8.100E+15 2.487E+07 1.716E+02
   4.650E+06 1.240E+03 3.364E+16 1.384E+04 4.902E+02 1.751E+08 5.457E-37 2.996E-10 2.037E-09 1.897E-03 3.160E-05 2.743E-06 7.154E-06 7.060E+15 2.360E+07 1.721E+02
   4.750E+06 1.094E+03 2.937E+16 1.182E+04 5.002E+02 1.494E+08 7.358E-34 3.209E-10 2.384E-09 2.099E-03 3.357E-05 2.424E-06 7.145E-06 6.165E+15 2.210E+07 1.689E+02
   4.850E+06 9.654E+02 2.584E+16 1.012E+04 5.117E+02 1.283E+08 4.038E-31 3.414E-10 2.779E-09 2.287E-03 3.538E-05 2.171E-06 7.127E-06 5.423E+15 2.069E+07 1.650E+02
   4.950E+06 8.526E+02 2.282E+16 8.644E+03 5.240E+02 1.099E+08 1.051E-28 3.615E-10 3.234E-09 2.461E-03 3.705E-05 1.958E-06 7.101E-06 4.789E+15 1.931E+07 1.601E+02
   5.050E+06 7.530E+02 2.015E+16 7.277E+03 5.361E+02 9.299E+07 1.445E-26 3.812E-10 3.764E-09 2.622E-03 3.858E-05 1.760E-06 7.068E-06 4.229E+15 1.791E+07 1.534E+02
   5.150E+06 6.650E+02 1.780E+16 6.051E+03 5.486E+02 7.776E+07 1.131E-24 4.006E-10 4.386E-09 2.767E-03 3.995E-05 1.579E-06 7.028E-06 3.735E+15 1.652E+07 1.452E+02
   5.250E+06 5.871E+02 1.581E+16 5.084E+03 5.657E+02 6.580E+07 5.375E-23 4.200E-10 5.125E-09 2.897E-03 4.118E-05 1.437E-06 6.983E-06 3.317E+15 1.532E+07 1.380E+02
   5.350E+06 5.179E+02 1.409E+16 4.292E+03 5.875E+02 5.603E+07 1.676E-21 4.395E-10 6.014E-09 3.013E-03 4.229E-05 1.320E-06 6.934E-06 2.956E+15 1.426E+07 1.314E+02
   5.450E+06 4.562E+02 1.254E+16 3.588E+03 6.122E+02 4.725E+07 3.628E-20 4.595E-10 7.096E-09 3.117E-03 4.328E-05 1.209E-06 6.881E-06 2.631E+15 1.325E+07 1.240E+02
   5.550E+06 4.013E+02 1.115E+16 2.968E+03 6.403E+02 3.947E+07 5.658E-19 4.801E-10 8.416E-09 3.207E-03 4.416E-05 1.104E-06 6.824E-06 2.339E+15 1.229E+07 1.161E+02
   5.650E+06 3.526E+02 9.899E+15 2.431E+03 6.718E+02 3.266E+07 6.574E-18 5.015E-10 1.003E-08 3.285E-03 4.492E-05 1.004E-06 6.764E-06 2.077E+15 1.140E+07 1.077E+02
   5.750E+06 3.094E+02 8.780E+15 1.972E+03 7.065E+02 2.678E+07 5.865E-17 5.239E-10 1.201E-08 3.351E-03 4.558E-05 9.101E-07 6.701E-06 1.842E+15 1.058E+07 9.918E+01
   5.850E+06 2.711E+02 7.777E+15 1.584E+03 7.438E+02 2.175E+07 4.129E-16 5.476E-10 1.441E-08 3.406E-03 4.614E-05 8.210E-07 6.636E-06 1.632E+15 9.842E+06 9.056E+01
   5.950E+06 2.372E+02 6.879E+15 1.259E+03 7.825E+02 1.749E+07 2.351E-15 5.728E-10 1.732E-08 3.452E-03 4.662E-05 7.366E-07 6.568E-06 1.443E+15 9.190E+06 8.197E+01
   6.050E+06 2.073E+02 6.078E+15 9.900E+02 8.217E+02 1.393E+07 1.108E-14 5.999E-10 2.081E-08 3.488E-03 4.702E-05 6.569E-07 6.497E-06 1.275E+15 8.623E+06 7.355E+01
   6.150E+06 1.808E+02 5.362E+15 7.703E+02 8.603E+02 1.097E+07 4.404E-14 6.292E-10 2.497E-08 3.517E-03 4.736E-05 5.819E-07 6.425E-06 1.125E+15 8.137E+06 6.540E+01
   6.250E+06 1.575E+02 4.724E+15 5.939E+02 8.986E+02 8.574E+06 1.505E-13 6.611E-10 2.995E-08 3.540E-03 4.764E-05 5.127E-07 6.350E-06 9.910E+14 7.728E+06 5.773E+01
   6.350E+06 1.367E+02 4.291E+15 5.087E+02 9.719E+02 7.479E+06 4.488E-13 6.965E-10 3.610E-08 3.550E-03 4.788E-05 4.911E-07 6.275E-06 9.000E+14 7.697E+06 5.441E+01
   6.450E+06 1.182E+02 3.715E+15 3.653E+02 1.012E+03 5.438E+06 1.223E-12 7.362E-10 4.393E-08 3.567E-03 4.809E-05 4.104E-07 6.198E-06 7.793E+14 7.340E+06 4.567E+01
   6.550E+06 1.022E+02 3.213E+15 2.562E+02 1.064E+03 3.863E+06 2.950E-12 7.795E-10 5.414E-08 3.579E-03 4.825E-05 3.359E-07 6.117E-06 6.739E+14 7.096E+06 3.752E+01
   6.650E+06 8.833E+01 2.819E+15 1.869E+02 1.157E+03 2.863E+06 6.389E-12 8.274E-10 6.803E-08 3.585E-03 4.839E-05 2.833E-07 6.032E-06 5.911E+14 7.107E+06 3.152E+01
   6.750E+06 7.618E+01 2.451E+15 1.308E+02 1.277E+03 2.031E+06 1.272E-11 8.807E-10 8.763E-08 3.590E-03 4.850E-05 2.308E-07 5.944E-06 5.141E+14 7.179E+06 2.566E+01
   6.850E+06 6.559E+01 2.140E+15 9.201E+01 1.445E+03 1.449E+06 2.338E-11 9.400E-10 1.154E-07 3.591E-03 4.860E-05 1.885E-07 5.851E-06 4.488E+14 7.426E+06 2.092E+01
   6.950E+06 5.638E+01 1.860E+15 6.354E+01 1.652E+03 1.010E+06 4.020E-11 1.006E-09 1.544E-07 3.592E-03 4.868E-05 1.513E-07 5.755E-06 3.899E+14 7.734E+06 1.685E+01
   7.050E+06 4.836E+01 1.622E+15 4.485E+01 1.904E+03 7.169E+05 6.498E-11 1.079E-09 2.077E-07 3.591E-03 4.875E-05 1.231E-07 5.654E-06 3.400E+14 8.172E+06 1.382E+01
   7.150E+06 4.140E+01 1.399E+15 3.109E+01 2.164E+03 4.932E+05 9.972E-11 1.160E-09 2.786E-07 3.591E-03 4.882E-05 9.814E-08 5.549E-06 2.934E+14 8.488E+06 1.128E+01
   7.250E+06 3.540E+01 1.209E+15 2.227E+01 2.428E+03 3.456E+05 1.456E-10 1.249E-09 3.693E-07 3.590E-03 4.887E-05 7.960E-08 5.436E-06 2.535E+14 8.790E+06 9.514E+00
   7.350E+06 3.022E+01 1.041E+15 1.625E+01 2.660E+03 2.417E+05 2.037E-10 1.347E-09 4.815E-07 3.589E-03 4.892E-05 6.472E-08 5.307E-06 2.182E+14 8.958E+06 8.245E+00
   7.450E+06 2.576E+01 8.971E+14 1.239E+01 2.850E+03 1.729E+05 2.742E-10 1.456E-09 6.154E-07 3.587E-03 4.897E-05 5.374E-08 5.162E-06 1.880E+14 9.044E+06 7.470E+00
   7.550E+06 2.193E+01 7.696E+14 9.679E+00 2.966E+03 1.236E+05 3.569E-10 1.576E-09 7.708E-07 3.586E-03 4.901E-05 4.480E-08 4.999E-06 1.613E+14 8.890E+06 7.008E+00
   7.650E+06 1.864E+01 6.618E+14 7.839E+00 3.015E+03 8.989E+04 4.505E-10 1.710E-09 9.454E-07 3.582E-03 4.905E-05 3.791E-08 4.819E-06 1.387E+14 8.715E+06 6.821E+00
   7.750E+06 1.582E+01 5.658E+14 6.351E+00 2.973E+03 6.314E+04 5.538E-10 1.860E-09 1.137E-06 3.581E-03 4.909E-05 3.117E-08 4.621E-06 1.185E+14 8.546E+06 6.726E+00
   7.850E+06 1.340E+01 4.855E+14 5.226E+00 2.867E+03 4.381E+04 6.642E-10 2.030E-09 1.342E-06 3.576E-03 4.912E-05 2.524E-08 4.402E-06 1.017E+14 9.012E+06 6.744E+00
   7.950E+06 1.134E+01 4.136E+14 4.552E+00 2.673E+03 3.533E+04 7.803E-10 2.226E-09 1.556E-06 3.572E-03 4.916E-05 2.392E-08 4.152E-06 8.662E+13 8.548E+06 7.293E+00
   8.050E+06 9.578E+00 3.540E+14 4.819E+00 2.427E+03 5.094E+04 8.992E-10 2.454E-09 1.776E-06 3.556E-03 4.919E-05 4.047E-08 3.860E-06 7.411E+13 4.764E+06 9.664E+00
   8.150E+06 8.076E+00 3.005E+14 5.792E+00 2.131E+03 9.009E+04 1.020E-09 2.722E-09 2.000E-06 3.539E-03 4.921E-05 8.472E-08 3.545E-06 6.289E+13 1.916E+06 1.486E+01
   8.250E+06 6.799E+00 2.565E+14 6.889E+00 1.842E+03 1.409E+05 1.140E-09 3.041E-09 2.223E-06 3.501E-03 4.924E-05 1.569E-07 3.230E-06 5.366E+13 9.087E+05 2.262E+01
   8.350E+06 5.714E+00 2.169E+14 7.372E+00 1.552E+03 1.820E+05 1.260E-09 3.422E-09 2.446E-06 3.484E-03 4.927E-05 2.409E-07 2.925E-06 4.535E+13 4.870E+05 3.154E+01
   8.450E+06 4.795E+00 1.838E+14 7.392E+00 1.291E+03 2.138E+05 1.378E-09 3.877E-09 2.666E-06 3.457E-03 4.930E-05 3.366E-07 2.635E-06 3.839E+13 2.894E+05 4.130E+01
   8.550E+06 4.017E+00 1.557E+14 6.991E+00 1.060E+03 2.332E+05 1.494E-09 4.418E-09 2.880E-06 3.423E-03 4.933E-05 4.375E-07 2.365E-06 3.249E+13 1.821E+05 5.118E+01
   8.650E+06 3.363E+00 1.303E+14 5.973E+00 8.511E+02 2.254E+05 1.614E-09 5.058E-09 3.089E-06 3.424E-03 4.935E-05 5.051E-07 2.114E-06 2.716E+13 1.139E+05 5.844E+01
   8.750E+06 2.815E+00 1.091E+14 4.887E+00 6.757E+02 2.074E+05 1.754E-09 5.804E-09 3.288E-06 3.424E-03 4.938E-05 5.551E-07 1.884E-06 2.270E+13 7.242E+04 6.409E+01
   8.850E+06 2.356E+00 9.132E+13 3.865E+00 5.315E+02 1.830E+05 1.950E-09 6.674E-09 3.476E-06 3.425E-03 4.940E-05 5.849E-07 1.674E-06 1.896E+13 4.638E+04 6.813E+01
   8.950E+06 1.973E+00 7.646E+13 2.988E+00 4.147E+02 1.556E+05 2.272E-09 7.690E-09 3.653E-06 3.425E-03 4.943E-05 5.943E-07 1.485E-06 1.583E+13 2.975E+04 7.093E+01
   9.050E+06 1.653E+00 6.367E+13 2.238E+00 3.198E+02 1.246E+05 2.829E-09 8.882E-09 3.818E-06 3.444E-03 4.945E-05 5.683E-07 1.315E-06 1.314E+13 1.873E+04 7.216E+01
   9.150E+06 1.386E+00 5.286E+13 1.667E+00 2.444E+02 9.511E+04 3.752E-09 1.029E-08 3.973E-06 3.476E-03 4.947E-05 5.177E-07 1.164E-06 1.087E+13 1.162E+04 7.345E+01
   9.250E+06 1.165E+00 4.418E+13 1.303E+00 1.872E+02 7.307E+04 5.180E-09 1.197E-08 4.117E-06 3.491E-03 4.949E-05 4.738E-07 1.029E-06 9.048E+12 7.314E+03 7.779E+01
   9.350E+06 9.799E-01 3.687E+13 1.049E+00 1.430E+02 5.434E+04 7.261E-09 1.400E-08 4.255E-06 3.514E-03 4.951E-05 4.195E-07 9.114E-07 7.515E+12 4.557E+03 8.500E+01
   9.450E+06 8.254E-01 3.082E+13 8.820E-01 1.094E+02 3.974E+04 1.013E-08 1.647E-08 4.387E-06 3.535E-03 4.953E-05 3.647E-07 8.089E-07 6.246E+12 2.832E+03 9.659E+01
   9.550E+06 6.962E-01 2.586E+13 7.754E-01 8.423E+01 2.897E+04 1.392E-08 1.948E-08 4.517E-06 3.549E-03 4.954E-05 3.156E-07 7.211E-07 5.208E+12 1.768E+03 1.137E+02
   9.650E+06 5.879E-01 2.167E+13 7.008E-01 6.517E+01 2.053E+04 1.879E-08 2.317E-08 4.646E-06 3.568E-03 4.956E-05 2.655E-07 6.474E-07 4.333E+12 1.092E+03 1.370E+02
   9.750E+06 4.971E-01 1.818E+13 6.504E-01 5.100E+01 1.431E+04 2.489E-08 2.771E-08 4.775E-06 3.576E-03 4.958E-05 2.200E-07 5.873E-07 3.607E+12 6.730E+02 1.674E+02
   9.850E+06 4.210E-01 1.525E+13 6.155E-01 4.045E+01 9.708E+03 3.238E-08 3.347E-08 4.908E-06 3.582E-03 4.960E-05 1.778E-07 5.406E-07 2.998E+12 4.114E+02 2.059E+02
   9.950E+06 3.571E-01 1.281E+13 5.951E-01 3.281E+01 6.542E+03 4.136E-08 4.158E-08 5.049E-06 3.587E-03 4.962E-05 1.424E-07 5.075E-07 2.494E+12 2.525E+02 2.534E+02
