
     Z         PRESS      DEN     ProOH1    ProOH25    ProO3D    PO2D       PO2      PH2O      PO3D      PH2O2     FO3      FH2O      NumO2      NumOH      NumO1D
   5.000E+04 9.559E+05 2.428E+19 2.893E+05 1.473E+01 2.381E+06 0.000E+00 2.098E-16 5.383E-17 9.772E-06 2.408E-06 1.003E-08 1.127E-02 5.099E+17 7.342E+05 3.213E-03
   1.500E+05 8.495E+05 2.208E+19 2.223E+05 2.390E+01 2.824E+06 0.000E+00 5.590E-16 1.550E-16 1.050E-05 2.607E-06 1.218E-08 6.984E-03 4.639E+17 7.805E+05 4.357E-03
   2.500E+05 7.529E+05 2.004E+19 1.639E+05 3.303E+01 3.402E+06 0.000E+00 1.349E-15 3.969E-16 1.104E-05 2.785E-06 1.538E-08 4.153E-03 4.210E+17 8.231E+05 5.919E-03
   3.500E+05 6.654E+05 1.814E+19 1.069E+05 3.723E+01 4.003E+06 0.000E+00 2.954E-15 9.077E-16 1.133E-05 2.946E-06 1.947E-08 2.261E-03 3.812E+17 8.287E+05 7.791E-03
   4.500E+05 5.865E+05 1.627E+19 7.743E+04 4.341E+01 4.596E+06 0.000E+00 5.930E-15 1.885E-15 1.163E-05 3.091E-06 2.429E-08 1.416E-03 3.419E+17 8.657E+05 1.000E-02
   5.500E+05 5.158E+05 1.461E+19 4.770E+04 4.133E+01 5.105E+06 0.000E+00 1.103E-14 3.617E-15 1.173E-05 3.222E-06 2.978E-08 7.822E-04 3.072E+17 8.465E+05 1.235E-02
   6.500E+05 4.522E+05 1.314E+19 2.448E+04 3.209E+01 5.487E+06 0.000E+00 1.925E-14 6.540E-15 1.164E-05 3.343E-06 3.585E-08 3.733E-04 2.763E+17 7.620E+05 1.467E-02
   7.500E+05 3.951E+05 1.179E+19 1.136E+04 2.223E+01 5.748E+06 0.000E+00 3.183E-14 1.138E-14 1.145E-05 3.454E-06 4.256E-08 1.657E-04 2.479E+17 6.578E+05 1.698E-02
   8.500E+05 3.440E+05 1.055E+19 4.661E+03 1.368E+01 5.900E+06 0.000E+00 5.041E-14 1.951E-14 1.118E-05 3.558E-06 5.002E-08 6.649E-05 2.218E+17 5.795E+05 1.926E-02
   9.500E+05 2.979E+05 9.589E+18 8.872E+02 4.194E+00 5.836E+06 0.000E+00 7.755E-14 3.389E-14 1.036E-05 3.657E-06 5.873E-08 1.291E-05 2.017E+17 5.422E+05 2.050E-02
   1.050E+06 2.557E+05 8.821E+18 6.062E+01 4.903E-01 5.756E+06 0.000E+00 1.181E-13 6.131E-14 9.062E-06 3.753E-06 7.200E-08 9.066E-07 1.855E+17 5.724E+05 2.123E-02
   1.150E+06 2.184E+05 7.533E+18 7.489E+01 7.899E-01 7.024E+06 0.000E+00 1.783E-13 1.143E-13 9.303E-06 3.847E-06 1.002E-07 9.177E-07 1.584E+17 5.659E+05 3.034E-02
   1.250E+06 1.865E+05 6.433E+18 1.101E+02 1.288E+00 1.005E+07 0.000E+00 2.661E-13 2.124E-13 9.555E-06 3.937E-06 1.635E-07 9.431E-07 1.353E+17 5.411E+05 5.083E-02
   1.350E+06 1.593E+05 5.494E+18 1.806E+02 2.137E+00 1.561E+07 0.000E+00 3.971E-13 3.906E-13 9.860E-06 4.027E-06 2.882E-07 9.956E-07 1.155E+17 5.433E+05 9.247E-02
   1.450E+06 1.360E+05 4.692E+18 2.975E+02 3.627E+00 2.359E+07 0.000E+00 5.978E-13 7.121E-13 1.029E-05 4.121E-06 4.886E-07 1.086E-06 9.868E+16 6.093E+05 1.636E-01
   1.550E+06 1.162E+05 4.008E+18 4.667E+02 6.296E+00 3.307E+07 0.000E+00 9.115E-13 1.293E-12 1.093E-05 4.224E-06 7.553E-07 1.215E-06 8.428E+16 7.140E+05 2.685E-01
   1.650E+06 9.939E+04 3.364E+18 7.225E+02 1.089E+01 4.475E+07 3.842-304 1.400E-12 2.338E-12 1.237E-05 4.342E-06 1.075E-06 1.384E-06 7.074E+16 8.277E+05 4.371E-01
   1.750E+06 8.515E+04 2.882E+18 1.055E+03 1.928E+01 5.697E+07 1.032-263 2.158E-12 4.213E-12 1.382E-05 4.480E-06 1.430E-06 1.587E-06 6.060E+16 9.616E+05 6.494E-01
   1.850E+06 7.302E+04 2.442E+18 1.515E+03 3.361E+01 7.133E+07 7.480-229 3.321E-12 7.578E-12 1.627E-05 4.646E-06 1.796E-06 1.816E-06 5.133E+16 1.119E+06 9.658E-01
   1.950E+06 6.269E+04 2.096E+18 2.105E+03 5.853E+01 8.729E+07 4.097-199 5.072E-12 1.354E-11 1.926E-05 4.850E-06 2.163E-06 2.062E-06 4.406E+16 1.327E+06 1.377E+00
   2.050E+06 5.381E+04 1.799E+18 2.857E+03 9.983E+01 1.057E+08 2.078-173 7.669E-12 2.400E-11 2.344E-05 5.103E-06 2.506E-06 2.312E-06 3.783E+16 1.599E+06 1.942E+00
   2.150E+06 4.621E+04 1.539E+18 3.801E+03 1.648E+02 1.268E+08 3.486-151 1.141E-11 4.180E-11 2.937E-05 5.418E-06 2.805E-06 2.562E-06 3.234E+16 1.947E+06 2.730E+00
   2.250E+06 3.972E+04 1.316E+18 4.952E+03 2.625E+02 1.505E+08 4.848-132 1.665E-11 7.097E-11 3.750E-05 5.811E-06 3.049E-06 2.810E-06 2.767E+16 2.395E+06 3.796E+00
   2.350E+06 3.416E+04 1.127E+18 6.316E+03 4.016E+02 1.765E+08 1.514-115 2.376E-11 1.168E-10 4.854E-05 6.299E-06 3.228E-06 3.052E-06 2.369E+16 2.967E+06 5.214E+00
   2.450E+06 2.940E+04 9.655E+17 7.880E+03 5.891E+02 2.043E+08 2.514-101 3.314E-11 1.856E-10 6.344E-05 6.905E-06 3.335E-06 3.287E-06 2.029E+16 3.695E+06 7.058E+00
   2.550E+06 2.532E+04 8.278E+17 9.605E+03 8.278E+02 2.327E+08 4.643E-89 4.517E-11 2.845E-10 8.347E-05 7.652E-06 3.368E-06 3.515E-06 1.740E+16 4.616E+06 9.396E+00
   2.650E+06 2.182E+04 7.103E+17 1.143E+04 1.116E+03 2.604E+08 1.793E-78 6.023E-11 4.205E-10 1.103E-04 8.568E-06 3.323E-06 3.735E-06 1.493E+16 5.777E+06 1.228E+01
   2.750E+06 1.882E+04 6.099E+17 1.328E+04 1.445E+03 2.859E+08 2.486E-69 7.862E-11 6.002E-10 1.464E-04 9.683E-06 3.203E-06 3.947E-06 1.282E+16 7.226E+06 1.574E+01
   2.850E+06 1.625E+04 5.241E+17 1.506E+04 1.802E+03 3.083E+08 1.967E-61 1.006E-10 8.291E-10 1.952E-04 1.103E-05 3.014E-06 4.148E-06 1.102E+16 9.024E+06 1.979E+01
   2.950E+06 1.403E+04 4.507E+17 1.671E+04 2.174E+03 3.268E+08 1.323E-54 1.262E-10 1.112E-09 2.627E-04 1.264E-05 2.760E-06 4.339E-06 9.473E+15 1.123E+07 2.445E+01
   3.050E+06 1.213E+04 3.878E+17 1.815E+04 2.542E+03 3.406E+08 1.066E-48 1.552E-10 1.451E-09 3.578E-04 1.454E-05 2.455E-06 4.517E-06 8.152E+15 1.389E+07 2.968E+01
   3.150E+06 1.049E+04 3.340E+17 1.921E+04 2.893E+03 3.478E+08 1.379E-43 1.871E-10 1.851E-09 4.905E-04 1.677E-05 2.123E-06 4.679E-06 7.020E+15 1.689E+07 3.526E+01
   3.250E+06 9.078E+03 2.878E+17 1.963E+04 3.216E+03 3.444E+08 3.686E-39 2.208E-10 2.317E-09 6.665E-04 1.928E-05 1.795E-06 4.824E-06 6.049E+15 1.988E+07 4.060E+01
   3.350E+06 7.866E+03 2.467E+17 1.898E+04 3.487E+03 3.239E+08 2.531E-35 2.553E-10 2.856E-09 8.818E-04 2.198E-05 1.489E-06 4.950E-06 5.185E+15 2.221E+07 4.478E+01
   3.450E+06 6.827E+03 2.116E+17 1.762E+04 3.719E+03 2.938E+08 5.143E-32 2.893E-10 3.478E-09 1.121E-03 2.472E-05 1.239E-06 5.055E-06 4.447E+15 2.365E+07 4.762E+01
   3.550E+06 5.935E+03 1.818E+17 1.585E+04 3.925E+03 2.594E+08 3.660E-29 3.225E-10 4.203E-09 1.369E-03 2.739E-05 1.043E-06 5.137E-06 3.821E+15 2.424E+07 4.921E+01
   3.650E+06 5.169E+03 1.565E+17 1.388E+04 4.110E+03 2.242E+08 1.063E-26 3.548E-10 5.055E-09 1.613E-03 2.992E-05 8.880E-07 5.196E-06 3.289E+15 2.413E+07 4.967E+01
   3.750E+06 4.502E+03 1.376E+17 1.249E+04 4.375E+03 2.006E+08 1.429E-24 3.867E-10 6.077E-09 1.848E-03 3.232E-05 7.889E-07 5.233E-06 2.892E+15 2.404E+07 5.033E+01
   3.850E+06 3.917E+03 1.207E+17 1.097E+04 4.644E+03 1.759E+08 1.076E-22 4.188E-10 7.327E-09 2.079E-03 3.462E-05 7.008E-07 5.250E-06 2.537E+15 2.358E+07 5.009E+01
   3.950E+06 3.403E+03 1.058E+17 9.411E+03 4.926E+03 1.511E+08 4.823E-21 4.513E-10 8.867E-09 2.301E-03 3.679E-05 6.207E-07 5.251E-06 2.224E+15 2.289E+07 4.892E+01
   4.050E+06 2.953E+03 9.300E+16 7.981E+03 5.247E+03 1.288E+08 1.364E-19 4.843E-10 1.077E-08 2.512E-03 3.881E-05 5.514E-07 5.238E-06 1.954E+15 2.217E+07 4.714E+01
   4.150E+06 2.558E+03 8.161E+16 6.620E+03 5.587E+03 1.076E+08 2.594E-18 5.181E-10 1.313E-08 2.708E-03 4.067E-05 4.868E-07 5.214E-06 1.715E+15 2.140E+07 4.459E+01
   4.250E+06 2.211E+03 7.150E+16 5.365E+03 5.940E+03 8.800E+07 3.468E-17 5.528E-10 1.604E-08 2.887E-03 4.234E-05 4.263E-07 5.180E-06 1.502E+15 2.064E+07 4.136E+01
   4.350E+06 1.908E+03 6.227E+16 4.195E+03 6.268E+03 6.949E+07 3.393E-16 5.888E-10 1.959E-08 3.044E-03 4.380E-05 3.666E-07 5.139E-06 1.308E+15 1.986E+07 3.734E+01
   4.450E+06 1.645E+03 5.416E+16 3.207E+03 6.580E+03 5.373E+07 2.496E-15 6.264E-10 2.387E-08 3.176E-03 4.503E-05 3.123E-07 5.090E-06 1.138E+15 1.919E+07 3.304E+01
   4.550E+06 1.416E+03 4.706E+16 2.402E+03 6.863E+03 4.075E+07 1.430E-14 6.661E-10 2.897E-08 3.283E-03 4.603E-05 2.638E-07 5.035E-06 9.887E+14 1.863E+07 2.872E+01
   4.650E+06 1.218E+03 4.083E+16 1.767E+03 7.107E+03 3.040E+07 6.577E-14 7.087E-10 3.500E-08 3.367E-03 4.685E-05 2.211E-07 4.974E-06 8.579E+14 1.820E+07 2.458E+01
   4.750E+06 1.045E+03 3.538E+16 1.279E+03 7.322E+03 2.235E+07 2.497E-13 7.549E-10 4.217E-08 3.432E-03 4.749E-05 1.840E-07 4.907E-06 7.434E+14 1.788E+07 2.075E+01
   4.850E+06 8.963E+02 3.062E+16 9.118E+02 7.536E+03 1.620E+07 8.015E-13 8.054E-10 5.090E-08 3.480E-03 4.799E-05 1.520E-07 4.835E-06 6.434E+14 1.769E+07 1.730E+01
   4.950E+06 7.674E+02 2.647E+16 6.397E+02 7.812E+03 1.157E+07 2.221E-12 8.612E-10 6.204E-08 3.516E-03 4.839E-05 1.244E-07 4.757E-06 5.561E+14 1.766E+07 1.423E+01
   5.050E+06 6.563E+02 2.275E+16 4.332E+02 8.196E+03 7.985E+06 5.413E-12 9.227E-10 7.710E-08 3.542E-03 4.869E-05 9.910E-08 4.673E-06 4.778E+14 1.781E+07 1.140E+01
   5.150E+06 5.609E+02 1.953E+16 2.882E+02 8.808E+03 5.418E+06 1.176E-11 9.904E-10 9.836E-08 3.561E-03 4.893E-05 7.790E-08 4.584E-06 4.103E+14 1.825E+07 8.989E+00
   5.250E+06 4.791E+02 1.676E+16 1.890E+02 9.705E+03 3.625E+06 2.311E-11 1.065E-09 1.289E-07 3.573E-03 4.911E-05 6.051E-08 4.490E-06 3.521E+14 1.900E+07 7.000E+00
   5.350E+06 4.089E+02 1.438E+16 1.228E+02 1.089E+04 2.403E+06 4.165E-11 1.147E-09 1.725E-07 3.582E-03 4.925E-05 4.668E-08 4.391E-06 3.020E+14 2.001E+07 5.416E+00
   5.450E+06 3.487E+02 1.232E+16 7.978E+01 1.230E+04 1.591E+06 6.964E-11 1.236E-09 2.329E-07 3.587E-03 4.937E-05 3.599E-08 4.286E-06 2.588E+14 2.118E+07 4.200E+00
   5.550E+06 2.972E+02 1.055E+16 5.225E+01 1.380E+04 1.058E+06 1.091E-10 1.335E-09 3.135E-07 3.590E-03 4.947E-05 2.792E-08 4.173E-06 2.216E+14 2.238E+07 3.294E+00
   5.650E+06 2.531E+02 9.029E+15 3.477E+01 1.525E+04 7.100E+05 1.615E-10 1.442E-09 4.168E-07 3.592E-03 4.955E-05 2.189E-08 4.053E-06 1.896E+14 2.349E+07 2.632E+00
   5.750E+06 2.153E+02 7.722E+15 2.365E+01 1.650E+04 4.821E+05 2.277E-10 1.560E-09 5.442E-07 3.593E-03 4.962E-05 1.738E-08 3.927E-06 1.622E+14 2.441E+07 2.158E+00
   5.850E+06 1.831E+02 6.599E+15 1.651E+01 1.740E+04 3.313E+05 3.075E-10 1.690E-09 6.954E-07 3.593E-03 4.968E-05 1.397E-08 3.793E-06 1.386E+14 2.507E+07 1.822E+00
   5.950E+06 1.556E+02 5.635E+15 1.185E+01 1.787E+04 2.304E+05 4.001E-10 1.835E-09 8.688E-07 3.593E-03 4.973E-05 1.138E-08 3.651E-06 1.183E+14 2.543E+07 1.589E+00
   6.050E+06 1.321E+02 4.786E+15 8.623E+00 1.779E+04 1.586E+05 5.037E-10 1.997E-09 1.061E-06 3.594E-03 4.978E-05 9.220E-09 3.502E-06 1.005E+14 2.538E+07 1.419E+00
   6.150E+06 1.122E+02 4.065E+15 6.466E+00 1.725E+04 1.104E+05 6.156E-10 2.179E-09 1.268E-06 3.595E-03 4.982E-05 7.556E-09 3.345E-06 8.534E+13 2.502E+07 1.311E+00
   6.250E+06 9.535E+01 3.453E+15 4.979E+00 1.632E+04 7.771E+04 7.330E-10 2.386E-09 1.485E-06 3.596E-03 4.986E-05 6.259E-09 3.183E-06 7.249E+13 2.437E+07 1.249E+00
   6.350E+06 8.100E+01 2.933E+15 3.917E+00 1.510E+04 5.523E+04 8.535E-10 2.622E-09 1.707E-06 3.596E-03 4.990E-05 5.235E-09 3.016E-06 6.158E+13 2.345E+07 1.221E+00
   6.450E+06 6.881E+01 2.492E+15 3.129E+00 1.370E+04 3.963E+04 9.751E-10 2.895E-09 1.931E-06 3.597E-03 4.993E-05 4.422E-09 2.845E-06 5.231E+13 2.230E+07 1.217E+00
   6.550E+06 5.846E+01 2.117E+15 2.525E+00 1.219E+04 2.871E+04 1.096E-09 3.209E-09 2.155E-06 3.597E-03 4.996E-05 3.769E-09 2.672E-06 4.443E+13 2.093E+07 1.231E+00
   6.650E+06 4.967E+01 1.799E+15 2.049E+00 1.067E+04 2.097E+04 1.215E-09 3.572E-09 2.375E-06 3.598E-03 4.998E-05 3.241E-09 2.497E-06 3.775E+13 1.939E+07 1.258E+00
   6.750E+06 4.220E+01 1.528E+15 1.664E+00 9.204E+03 1.532E+04 1.333E-09 3.989E-09 2.591E-06 3.598E-03 5.001E-05 2.787E-09 2.324E-06 3.207E+13 1.781E+07 1.291E+00
   6.850E+06 3.586E+01 1.299E+15 1.340E+00 7.839E+03 1.069E+04 1.450E-09 4.465E-09 2.801E-06 3.598E-03 5.003E-05 2.288E-09 2.155E-06 2.725E+13 1.721E+07 1.320E+00
   6.950E+06 3.047E+01 1.104E+15 1.082E+00 6.575E+03 7.439E+03 1.575E-09 5.004E-09 3.004E-06 3.598E-03 5.005E-05 1.873E-09 1.983E-06 2.315E+13 1.919E+07 1.363E+00
   7.050E+06 2.589E+01 9.378E+14 1.017E+00 5.346E+03 1.247E+04 1.726E-09 5.609E-09 3.198E-06 3.598E-03 5.007E-05 3.696E-09 1.783E-06 1.967E+13 1.045E+07 1.677E+00
   7.150E+06 2.201E+01 7.970E+14 1.291E+00 4.259E+03 3.576E+04 1.941E-09 6.287E-09 3.381E-06 3.599E-03 5.009E-05 1.247E-08 1.580E-06 1.671E+13 2.442E+06 2.826E+00
   7.250E+06 1.870E+01 6.774E+14 1.573E+00 3.363E+03 6.302E+04 2.282E-09 7.042E-09 3.555E-06 3.599E-03 5.011E-05 2.585E-08 1.397E-06 1.420E+13 9.123E+05 4.586E+00
   7.350E+06 1.590E+01 5.757E+14 1.727E+00 2.628E+03 8.578E+04 2.842E-09 7.882E-09 3.717E-06 3.599E-03 5.013E-05 4.140E-08 1.228E-06 1.206E+13 4.465E+05 6.736E+00
   7.450E+06 1.351E+01 4.893E+14 1.747E+00 2.035E+03 1.011E+05 3.738E-09 8.816E-09 3.870E-06 3.599E-03 5.015E-05 5.740E-08 1.075E-06 1.023E+13 2.516E+05 9.160E+00
   7.550E+06 1.148E+01 4.160E+14 1.668E+00 1.564E+03 1.088E+05 5.102E-09 9.855E-09 4.013E-06 3.600E-03 5.017E-05 7.265E-08 9.368E-07 8.680E+12 1.533E+05 1.180E+01
   7.650E+06 9.763E+00 3.536E+14 1.529E+00 1.194E+03 1.097E+05 7.076E-09 1.101E-08 4.149E-06 3.600E-03 5.018E-05 8.620E-08 8.139E-07 7.358E+12 9.762E+04 1.465E+01
   7.750E+06 8.299E+00 3.006E+14 1.361E+00 9.066E+02 1.054E+05 9.805E-09 1.230E-08 4.279E-06 3.600E-03 5.020E-05 9.738E-08 7.049E-07 6.232E+12 6.376E+04 1.771E+01
   7.850E+06 7.056E+00 2.555E+14 1.186E+00 6.850E+02 9.733E+04 1.345E-08 1.372E-08 4.404E-06 3.601E-03 5.021E-05 1.058E-07 6.086E-07 5.273E+12 4.224E+04 2.103E+01
   7.950E+06 5.995E+00 2.187E+14 1.043E+00 5.187E+02 9.068E+04 1.820E-08 1.528E-08 4.527E-06 3.597E-03 5.023E-05 1.153E-07 5.240E-07 4.485E+12 2.881E+04 2.505E+01
   8.050E+06 5.086E+00 1.880E+14 9.210E-01 3.935E+02 8.464E+04 2.430E-08 1.699E-08 4.648E-06 3.581E-03 5.024E-05 1.257E-07 4.504E-07 3.828E+12 2.002E+04 2.980E+01
   8.150E+06 4.308E+00 1.603E+14 7.878E-01 2.956E+02 7.357E+04 3.208E-08 1.884E-08 4.771E-06 3.564E-03 5.025E-05 1.288E-07 3.866E-07 3.237E+12 1.355E+04 3.475E+01
   8.250E+06 3.643E+00 1.374E+14 6.809E-01 2.229E+02 6.470E+04 4.179E-08 2.081E-08 4.894E-06 3.526E-03 5.026E-05 1.335E-07 3.314E-07 2.748E+12 9.302E+03 4.068E+01
   8.350E+06 3.075E+00 1.168E+14 5.750E-01 1.663E+02 5.314E+04 5.385E-08 2.289E-08 5.020E-06 3.508E-03 5.027E-05 1.297E-07 2.837E-07 2.308E+12 6.171E+03 4.713E+01
   8.450E+06 2.593E+00 9.938E+13 4.872E-01 1.242E+02 4.333E+04 6.854E-08 2.502E-08 5.149E-06 3.480E-03 5.028E-05 1.253E-07 2.426E-07 1.938E+12 4.091E+03 5.467E+01
   8.550E+06 2.182E+00 8.458E+13 4.127E-01 9.264E+01 3.475E+04 8.637E-08 2.719E-08 5.280E-06 3.446E-03 5.029E-05 1.192E-07 2.074E-07 1.624E+12 2.690E+03 6.341E+01
   8.650E+06 1.835E+00 7.113E+13 3.438E-01 6.826E+01 2.575E+04 1.080E-07 2.936E-08 5.415E-06 3.446E-03 5.030E-05 1.051E-07 1.772E-07 1.342E+12 1.692E+03 7.351E+01
   8.750E+06 1.543E+00 5.982E+13 2.868E-01 5.024E+01 1.875E+04 1.339E-07 3.148E-08 5.552E-06 3.446E-03 5.031E-05 9.096E-08 1.513E-07 1.106E+12 1.055E+03 8.545E+01
   8.850E+06 1.298E+00 5.031E+13 2.398E-01 3.695E+01 1.343E+04 1.650E-07 3.353E-08 5.691E-06 3.446E-03 5.032E-05 7.747E-08 1.291E-07 9.094E+11 6.524E+02 9.956E+01
   8.950E+06 1.092E+00 4.231E+13 2.010E-01 2.717E+01 9.464E+03 2.027E-07 3.551E-08 5.831E-06 3.446E-03 5.032E-05 6.490E-08 1.101E-07 7.456E+11 4.001E+02 1.163E+02
   9.050E+06 9.188E-01 3.540E+13 1.681E-01 1.987E+01 6.387E+03 2.486E-07 3.737E-08 5.971E-06 3.464E-03 5.033E-05 5.208E-08 9.401E-08 6.062E+11 2.399E+02 1.364E+02
   9.150E+06 7.744E-01 2.952E+13 1.404E-01 1.448E+01 4.167E+03 3.044E-07 3.911E-08 6.109E-06 3.496E-03 5.033E-05 4.037E-08 8.029E-08 4.896E+11 1.415E+02 1.605E+02
   9.250E+06 6.536E-01 2.479E+13 1.178E-01 1.063E+01 2.761E+03 3.711E-07 4.069E-08 6.243E-06 3.512E-03 5.034E-05 3.172E-08 6.869E-08 3.968E+11 8.441E+01 1.879E+02
   9.350E+06 5.523E-01 2.078E+13 9.839E-02 7.806E+00 1.789E+03 4.498E-07 4.213E-08 6.372E-06 3.534E-03 5.034E-05 2.436E-08 5.895E-08 3.201E+11 4.995E+01 2.187E+02
   9.450E+06 4.673E-01 1.745E+13 8.176E-02 5.759E+00 1.149E+03 5.397E-07 4.340E-08 6.496E-06 3.555E-03 5.034E-05 1.852E-08 5.081E-08 2.577E+11 2.957E+01 2.518E+02
   9.550E+06 3.959E-01 1.471E+13 6.762E-02 4.287E+00 7.404E+02 6.390E-07 4.452E-08 6.612E-06 3.569E-03 5.034E-05 1.411E-08 4.409E-08 2.077E+11 1.766E+01 2.852E+02
   9.650E+06 3.358E-01 1.238E+13 5.546E-02 3.212E+00 4.675E+02 7.455E-07 4.548E-08 6.719E-06 3.588E-03 5.035E-05 1.053E-08 3.862E-08 1.667E+11 1.054E+01 3.182E+02
   9.750E+06 2.851E-01 1.043E+13 4.531E-02 2.437E+00 2.924E+02 8.556E-07 4.631E-08 6.818E-06 3.596E-03 5.035E-05 7.795E-09 3.426E-08 1.336E+11 6.360E+00 3.485E+02
   9.850E+06 2.425E-01 8.783E+12 3.695E-02 1.875E+00 1.795E+02 9.659E-07 4.700E-08 6.907E-06 3.603E-03 5.035E-05 5.673E-09 3.090E-08 1.068E+11 3.887E+00 3.755E+02
   9.950E+06 2.066E-01 7.408E+12 3.031E-02 1.474E+00 1.106E+02 1.073E-06 4.757E-08 6.987E-06 3.607E-03 5.035E-05 4.140E-09 2.847E-08 8.544E+10 2.455E+00 3.975E+02
