
     Z         PRESS      DEN     ProOH1    ProOH25    ProO3D    PO2D       PO2      PH2O      PO3D      PH2O2     FO3      FH2O      NumO2      NumOH      NumO1D
   5.000E+04 9.550E+05 2.401E+19 3.362E+05 6.662E-10 2.535E+06 0.000E+00 4.019E-26 2.024E-27 6.506E-06 2.220E-06 1.623E-08 1.371E-02 5.041E+18 1.209E+06 3.112E-03
   1.500E+05 8.471E+05 2.179E+19 2.531E+05 8.889E-09 2.905E+06 0.000E+00 6.624E-25 4.756E-26 6.948E-06 2.398E-06 1.919E-08 8.579E-03 4.575E+18 1.272E+06 4.104E-03
   2.500E+05 7.494E+05 1.973E+19 1.826E+05 9.428E-08 3.345E+06 0.000E+00 9.321E-24 9.183E-25 7.278E-06 2.558E-06 2.329E-08 5.204E-03 4.143E+18 1.334E+06 5.359E-03
   3.500E+05 6.610E+05 1.782E+19 1.175E+05 7.453E-07 3.755E+06 0.000E+00 1.115E-22 1.432E-23 7.455E-06 2.703E-06 2.826E-08 2.920E-03 3.743E+18 1.356E+06 6.765E-03
   4.500E+05 5.812E+05 1.606E+19 6.797E+04 4.442E-06 4.065E+06 0.000E+00 1.126E-21 1.794E-22 7.502E-06 2.833E-06 3.374E-08 1.542E-03 3.373E+18 1.357E+06 8.176E-03
   5.500E+05 5.095E+05 1.443E+19 3.581E+04 2.025E-05 4.234E+06 0.000E+00 9.572E-21 1.808E-21 7.454E-06 2.952E-06 3.935E-08 7.761E-04 3.031E+18 1.321E+06 9.464E-03
   6.500E+05 4.451E+05 1.294E+19 1.709E+04 7.040E-05 4.254E+06 0.000E+00 6.844E-20 1.478E-20 7.330E-06 3.061E-06 4.486E-08 3.681E-04 2.717E+18 1.203E+06 1.055E-02
   7.500E+05 3.875E+05 1.157E+19 7.302E+03 1.854E-04 4.144E+06 0.000E+00 4.127E-19 9.911E-20 7.131E-06 3.161E-06 5.024E-08 1.617E-04 2.429E+18 1.021E+06 1.140E-02
   8.500E+05 3.361E+05 1.031E+19 2.729E+03 3.624E-04 3.940E+06 0.000E+00 2.111E-18 5.517E-19 6.869E-06 3.254E-06 5.566E-08 6.373E-05 2.165E+18 8.844E+05 1.204E-02
   9.500E+05 2.904E+05 9.156E+18 8.369E+02 4.944E-04 3.696E+06 0.000E+00 9.229E-18 2.582E-18 6.564E-06 3.341E-06 6.150E-08 2.091E-05 1.923E+18 8.207E+05 1.257E-02
   1.050E+06 2.498E+05 8.107E+18 1.629E+02 3.579E-04 3.524E+06 0.000E+00 3.483E-17 1.030E-17 6.205E-06 3.422E-06 7.005E-08 4.287E-06 1.703E+18 7.692E+05 1.337E-02
   1.150E+06 2.140E+05 7.152E+18 1.676E+02 1.089E-03 3.637E+06 0.000E+00 1.148E-16 3.550E-17 5.806E-06 3.500E-06 8.760E-08 4.291E-06 1.502E+18 7.005E+05 1.544E-02
   1.250E+06 1.829E+05 6.116E+18 2.101E+02 2.830E-03 4.550E+06 0.000E+00 3.355E-16 1.076E-16 5.918E-06 3.574E-06 1.257E-07 4.302E-06 1.285E+18 5.218E+05 2.258E-02
   1.350E+06 1.563E+05 5.227E+18 2.975E+02 6.422E-03 6.412E+06 0.000E+00 8.627E-16 2.843E-16 6.044E-06 3.644E-06 2.030E-07 4.322E-06 1.098E+18 3.711E+05 3.723E-02
   1.450E+06 1.336E+05 4.468E+18 4.340E+02 1.310E-02 9.279E+06 0.000E+00 2.004E-15 6.732E-16 6.192E-06 3.713E-06 3.354E-07 4.357E-06 9.383E+17 3.021E+05 6.303E-02
   1.550E+06 1.142E+05 3.819E+18 6.094E+02 2.463E-02 1.288E+07 0.000E+00 4.303E-15 1.463E-15 6.384E-06 3.780E-06 5.284E-07 4.407E-06 8.020E+17 2.802E+05 1.024E-01
   1.650E+06 9.763E+04 3.264E+18 8.184E+02 4.345E-02 1.705E+07 0.000E+00 8.702E-15 2.976E-15 6.647E-06 3.850E-06 7.857E-07 4.473E-06 6.856E+17 2.790E+05 1.585E-01
   1.750E+06 8.346E+04 2.790E+18 1.054E+03 7.301E-02 2.156E+07 0.000E+00 1.680E-14 5.748E-15 7.010E-06 3.922E-06 1.102E-06 4.552E-06 5.860E+17 2.914E+05 2.345E-01
   1.850E+06 7.135E+04 2.385E+18 1.316E+03 1.183E-01 2.642E+07 0.000E+00 3.125E-14 1.068E-14 7.508E-06 3.998E-06 1.475E-06 4.642E-06 5.010E+17 3.154E+05 3.361E-01
   1.950E+06 6.100E+04 2.039E+18 1.610E+03 1.869E-01 3.164E+07 0.000E+00 5.647E-14 1.933E-14 8.182E-06 4.081E-06 1.896E-06 4.741E-06 4.283E+17 3.519E+05 4.708E-01
   2.050E+06 5.215E+04 1.744E+18 1.938E+03 2.922E-01 3.728E+07 0.000E+00 9.970E-14 3.461E-14 9.077E-06 4.172E-06 2.356E-06 4.844E-06 3.662E+17 4.037E+05 6.489E-01
   2.150E+06 4.460E+04 1.485E+18 2.327E+03 4.576E-01 4.378E+07 0.000E+00 1.728E-13 6.226E-14 1.033E-05 4.273E-06 2.853E-06 4.949E-06 3.118E+17 4.790E+05 8.965E-01
   2.250E+06 3.818E+04 1.265E+18 2.786E+03 7.282E-01 5.126E+07 0.000E+00 2.947E-13 1.138E-13 1.195E-05 4.386E-06 3.389E-06 5.057E-06 2.657E+17 5.800E+05 1.234E+00
   2.350E+06 3.270E+04 1.079E+18 3.333E+03 1.183E+00 5.998E+07 0.000E+00 4.958E-13 2.123E-13 1.403E-05 4.513E-06 3.963E-06 5.166E-06 2.265E+17 7.146E+05 1.698E+00
   2.450E+06 2.803E+04 9.206E+17 3.985E+03 1.951E+00 7.016E+07 0.000E+00 8.240E-13 4.017E-13 1.666E-05 4.659E-06 4.575E-06 5.276E-06 1.933E+17 8.921E+05 2.332E+00
   2.550E+06 2.405E+04 7.862E+17 4.762E+03 3.229E+00 8.206E+07 0.000E+00 1.351E-12 7.622E-13 2.000E-05 4.828E-06 5.219E-06 5.388E-06 1.651E+17 1.125E+06 3.200E+00
   2.650E+06 2.064E+04 6.719E+17 5.692E+03 5.296E+00 9.600E+07 0.000E+00 2.183E-12 1.433E-12 2.427E-05 5.026E-06 5.886E-06 5.501E-06 1.411E+17 1.431E+06 4.389E+00
   2.750E+06 1.773E+04 5.747E+17 6.790E+03 8.546E+00 1.121E+08 0.000E+00 3.466E-12 2.648E-12 2.978E-05 5.264E-06 6.552E-06 5.616E-06 1.207E+17 1.830E+06 6.005E+00
   2.850E+06 1.525E+04 4.919E+17 8.069E+03 1.351E+01 1.304E+08 0.000E+00 5.394E-12 4.793E-12 3.690E-05 5.551E-06 7.187E-06 5.732E-06 1.033E+17 2.348E+06 8.178E+00
   2.950E+06 1.312E+04 4.213E+17 9.537E+03 2.093E+01 1.510E+08 4.935-288 8.214E-12 8.491E-12 4.617E-05 5.901E-06 7.760E-06 5.850E-06 8.847E+16 3.015E+06 1.107E+01
   3.050E+06 1.129E+04 3.611E+17 1.117E+04 3.171E+01 1.732E+08 1.081-249 1.222E-11 1.471E-11 5.827E-05 6.331E-06 8.232E-06 5.969E-06 7.583E+16 3.864E+06 1.485E+01
   3.150E+06 9.729E+03 3.098E+17 1.293E+04 4.696E+01 1.964E+08 8.383-217 1.776E-11 2.490E-11 7.405E-05 6.861E-06 8.560E-06 6.089E-06 6.504E+16 4.931E+06 1.966E+01
   3.250E+06 8.388E+03 2.659E+17 1.471E+04 6.775E+01 2.189E+08 1.438-188 2.517E-11 4.104E-11 9.460E-05 7.510E-06 8.703E-06 6.208E-06 5.583E+16 6.250E+06 2.558E+01
   3.350E+06 7.240E+03 2.271E+17 1.624E+04 9.427E+01 2.369E+08 2.621-164 3.477E-11 6.562E-11 1.215E-04 8.296E-06 8.584E-06 6.327E-06 4.767E+16 7.782E+06 3.257E+01
   3.450E+06 6.260E+03 1.940E+17 1.746E+04 1.264E+02 2.496E+08 1.447-143 4.666E-11 1.012E-10 1.558E-04 9.227E-06 8.261E-06 6.443E-06 4.073E+16 9.530E+06 4.038E+01
   3.550E+06 5.422E+03 1.661E+17 1.841E+04 1.634E+02 2.583E+08 8.030-126 6.088E-11 1.501E-10 1.990E-04 1.031E-05 7.814E-06 6.555E-06 3.486E+16 1.148E+07 4.904E+01
   3.650E+06 4.704E+03 1.424E+17 1.917E+04 2.037E+02 2.642E+08 1.296-110 7.735E-11 2.148E-10 2.541E-04 1.155E-05 7.302E-06 6.660E-06 2.990E+16 1.363E+07 5.879E+01
   3.750E+06 4.088E+03 1.223E+17 1.981E+04 2.454E+02 2.687E+08 1.479E-97 9.590E-11 2.969E-10 3.249E-04 1.296E-05 6.760E-06 6.757E-06 2.569E+16 1.594E+07 6.992E+01
   3.850E+06 3.559E+03 1.053E+17 2.035E+04 2.868E+02 2.721E+08 2.519E-86 1.163E-10 3.980E-10 4.159E-04 1.456E-05 6.214E-06 6.844E-06 2.211E+16 1.835E+07 8.264E+01
   3.950E+06 3.103E+03 9.079E+16 2.077E+04 3.263E+02 2.741E+08 1.197E-76 1.381E-10 5.192E-10 5.312E-04 1.634E-05 5.685E-06 6.922E-06 1.906E+16 2.072E+07 9.700E+01
   4.050E+06 2.710E+03 7.840E+16 2.097E+04 3.626E+02 2.737E+08 2.694E-68 1.610E-10 6.617E-10 6.732E-04 1.830E-05 5.186E-06 6.989E-06 1.646E+16 2.286E+07 1.126E+02
   4.150E+06 2.370E+03 6.782E+16 2.084E+04 3.949E+02 2.695E+08 4.483E-61 1.846E-10 8.266E-10 8.417E-04 2.042E-05 4.721E-06 7.045E-06 1.424E+16 2.455E+07 1.288E+02
   4.250E+06 2.076E+03 5.877E+16 2.030E+04 4.231E+02 2.605E+08 8.036E-55 2.085E-10 1.016E-09 1.034E-03 2.266E-05 4.289E-06 7.089E-06 1.234E+16 2.563E+07 1.443E+02
   4.350E+06 1.821E+03 5.100E+16 1.928E+04 4.468E+02 2.460E+08 2.144E-49 2.325E-10 1.230E-09 1.243E-03 2.497E-05 3.879E-06 7.121E-06 1.071E+16 2.603E+07 1.576E+02
   4.450E+06 1.600E+03 4.433E+16 1.780E+04 4.665E+02 2.260E+08 1.116E-44 2.560E-10 1.473E-09 1.463E-03 2.728E-05 3.486E-06 7.143E-06 9.305E+15 2.576E+07 1.673E+02
   4.550E+06 1.407E+03 3.859E+16 1.595E+04 4.824E+02 2.020E+08 1.427E-40 2.790E-10 1.748E-09 1.684E-03 2.953E-05 3.109E-06 7.154E-06 8.100E+15 2.492E+07 1.724E+02
   4.650E+06 1.240E+03 3.364E+16 1.391E+04 4.951E+02 1.759E+08 5.453E-37 3.012E-10 2.058E-09 1.898E-03 3.166E-05 2.755E-06 7.154E-06 7.060E+15 2.366E+07 1.729E+02
   4.750E+06 1.094E+03 2.937E+16 1.187E+04 5.055E+02 1.501E+08 7.354E-34 3.225E-10 2.409E-09 2.101E-03 3.363E-05 2.432E-06 7.146E-06 6.165E+15 2.215E+07 1.696E+02
   4.850E+06 9.654E+02 2.584E+16 1.016E+04 5.172E+02 1.287E+08 4.036E-31 3.430E-10 2.808E-09 2.289E-03 3.544E-05 2.177E-06 7.128E-06 5.423E+15 2.073E+07 1.656E+02
   4.950E+06 8.526E+02 2.282E+16 8.672E+03 5.298E+02 1.103E+08 1.050E-28 3.630E-10 3.269E-09 2.463E-03 3.711E-05 1.962E-06 7.102E-06 4.789E+15 1.935E+07 1.606E+02
   5.050E+06 7.530E+02 2.015E+16 7.297E+03 5.422E+02 9.324E+07 1.444E-26 3.825E-10 3.806E-09 2.624E-03 3.863E-05 1.763E-06 7.069E-06 4.229E+15 1.794E+07 1.538E+02
   5.150E+06 6.650E+02 1.780E+16 6.065E+03 5.552E+02 7.794E+07 1.130E-24 4.018E-10 4.438E-09 2.770E-03 3.999E-05 1.581E-06 7.029E-06 3.735E+15 1.654E+07 1.455E+02
   5.250E+06 5.871E+02 1.581E+16 5.093E+03 5.727E+02 6.592E+07 5.372E-23 4.210E-10 5.187E-09 2.900E-03 4.121E-05 1.438E-06 6.984E-06 3.317E+15 1.534E+07 1.383E+02
   5.350E+06 5.179E+02 1.409E+16 4.298E+03 5.947E+02 5.609E+07 1.675E-21 4.404E-10 6.088E-09 3.016E-03 4.231E-05 1.320E-06 6.934E-06 2.956E+15 1.428E+07 1.315E+02
   5.450E+06 4.562E+02 1.254E+16 3.591E+03 6.198E+02 4.729E+07 3.626E-20 4.602E-10 7.183E-09 3.119E-03 4.328E-05 1.209E-06 6.881E-06 2.631E+15 1.327E+07 1.241E+02
   5.550E+06 4.013E+02 1.115E+16 2.969E+03 6.483E+02 3.948E+07 5.656E-19 4.806E-10 8.522E-09 3.210E-03 4.414E-05 1.103E-06 6.824E-06 2.339E+15 1.230E+07 1.161E+02
   5.650E+06 3.526E+02 9.899E+15 2.431E+03 6.803E+02 3.265E+07 6.572E-18 5.018E-10 1.016E-08 3.288E-03 4.489E-05 1.003E-06 6.764E-06 2.077E+15 1.141E+07 1.077E+02
   5.750E+06 3.094E+02 8.780E+15 1.971E+03 7.154E+02 2.676E+07 5.863E-17 5.240E-10 1.216E-08 3.353E-03 4.554E-05 9.090E-07 6.701E-06 1.842E+15 1.059E+07 9.911E+01
   5.850E+06 2.711E+02 7.777E+15 1.582E+03 7.531E+02 2.172E+07 4.127E-16 5.476E-10 1.459E-08 3.408E-03 4.609E-05 8.197E-07 6.636E-06 1.632E+15 9.856E+06 9.045E+01
   5.950E+06 2.372E+02 6.879E+15 1.257E+03 7.922E+02 1.746E+07 2.350E-15 5.727E-10 1.753E-08 3.453E-03 4.655E-05 7.352E-07 6.568E-06 1.443E+15 9.205E+06 8.185E+01
   6.050E+06 2.073E+02 6.078E+15 9.881E+02 8.315E+02 1.390E+07 1.107E-14 5.997E-10 2.106E-08 3.489E-03 4.694E-05 6.554E-07 6.497E-06 1.275E+15 8.639E+06 7.341E+01
   6.150E+06 1.808E+02 5.362E+15 7.685E+02 8.702E+02 1.095E+07 4.403E-14 6.290E-10 2.526E-08 3.518E-03 4.727E-05 5.804E-07 6.425E-06 1.125E+15 8.155E+06 6.525E+01
   6.250E+06 1.575E+02 4.724E+15 5.924E+02 9.084E+02 8.552E+06 1.505E-13 6.608E-10 3.028E-08 3.540E-03 4.754E-05 5.113E-07 6.350E-06 9.910E+14 7.746E+06 5.758E+01
   6.350E+06 1.367E+02 4.291E+15 5.072E+02 9.788E+02 7.458E+06 4.486E-13 6.956E-10 3.635E-08 3.550E-03 4.777E-05 4.896E-07 6.275E-06 9.000E+14 7.710E+06 5.426E+01
   6.450E+06 1.182E+02 3.715E+15 3.642E+02 1.019E+03 5.422E+06 1.223E-12 7.353E-10 4.423E-08 3.567E-03 4.797E-05 4.092E-07 6.198E-06 7.793E+14 7.354E+06 4.553E+01
   6.550E+06 1.022E+02 3.213E+15 2.554E+02 1.071E+03 3.852E+06 2.949E-12 7.788E-10 5.448E-08 3.579E-03 4.813E-05 3.349E-07 6.117E-06 6.739E+14 7.110E+06 3.742E+01
   6.650E+06 8.833E+01 2.819E+15 1.864E+02 1.162E+03 2.855E+06 6.386E-12 8.266E-10 6.836E-08 3.585E-03 4.827E-05 2.826E-07 6.032E-06 5.911E+14 7.120E+06 3.143E+01
   6.750E+06 7.618E+01 2.451E+15 1.304E+02 1.282E+03 2.026E+06 1.271E-11 8.798E-10 8.796E-08 3.589E-03 4.837E-05 2.303E-07 5.943E-06 5.141E+14 7.189E+06 2.560E+01
   6.850E+06 6.559E+01 2.140E+15 9.181E+01 1.448E+03 1.446E+06 2.337E-11 9.388E-10 1.157E-07 3.591E-03 4.847E-05 1.881E-07 5.851E-06 4.488E+14 7.433E+06 2.088E+01
   6.950E+06 5.638E+01 1.860E+15 6.341E+01 1.654E+03 1.009E+06 4.018E-11 1.004E-09 1.546E-07 3.592E-03 4.854E-05 1.510E-07 5.754E-06 3.899E+14 7.739E+06 1.682E+01
   7.050E+06 4.836E+01 1.622E+15 4.476E+01 1.905E+03 7.155E+05 6.495E-11 1.077E-09 2.078E-07 3.590E-03 4.861E-05 1.229E-07 5.653E-06 3.400E+14 8.174E+06 1.379E+01
   7.150E+06 4.140E+01 1.399E+15 3.103E+01 2.164E+03 4.923E+05 9.967E-11 1.157E-09 2.787E-07 3.590E-03 4.867E-05 9.797E-08 5.548E-06 2.934E+14 8.487E+06 1.126E+01
   7.250E+06 3.540E+01 1.209E+15 2.222E+01 2.427E+03 3.449E+05 1.455E-10 1.246E-09 3.692E-07 3.589E-03 4.873E-05 7.945E-08 5.434E-06 2.535E+14 8.788E+06 9.496E+00
   7.350E+06 3.022E+01 1.041E+15 1.622E+01 2.657E+03 2.412E+05 2.036E-10 1.343E-09 4.812E-07 3.588E-03 4.877E-05 6.458E-08 5.306E-06 2.182E+14 8.955E+06 8.228E+00
   7.450E+06 2.576E+01 8.971E+14 1.236E+01 2.846E+03 1.725E+05 2.740E-10 1.450E-09 6.148E-07 3.586E-03 4.882E-05 5.361E-08 5.161E-06 1.880E+14 9.040E+06 7.454E+00
   7.550E+06 2.193E+01 7.696E+14 9.658E+00 2.961E+03 1.233E+05 3.567E-10 1.568E-09 7.699E-07 3.585E-03 4.886E-05 4.469E-08 4.998E-06 1.613E+14 8.884E+06 6.994E+00
   7.650E+06 1.864E+01 6.618E+14 7.831E+00 3.010E+03 8.984E+04 4.502E-10 1.699E-09 9.442E-07 3.582E-03 4.890E-05 3.790E-08 4.817E-06 1.387E+14 8.689E+06 6.817E+00
   7.750E+06 1.582E+01 5.658E+14 6.366E+00 2.967E+03 6.356E+04 5.534E-10 1.846E-09 1.135E-06 3.580E-03 4.893E-05 3.138E-08 4.619E-06 1.185E+14 8.442E+06 6.745E+00
   7.850E+06 1.340E+01 4.855E+14 5.249E+00 2.861E+03 4.439E+04 6.638E-10 2.011E-09 1.339E-06 3.575E-03 4.896E-05 2.558E-08 4.400E-06 1.017E+14 8.745E+06 6.776E+00
   7.950E+06 1.134E+01 4.136E+14 4.500E+00 2.669E+03 3.413E+04 7.797E-10 2.199E-09 1.553E-06 3.571E-03 4.899E-05 2.311E-08 4.154E-06 8.662E+13 8.482E+06 7.206E+00
   8.050E+06 9.578E+00 3.540E+14 4.539E+00 2.427E+03 4.388E+04 8.986E-10 2.416E-09 1.773E-06 3.555E-03 4.902E-05 3.487E-08 3.868E-06 7.411E+13 5.248E+06 9.083E+00
   8.150E+06 8.076E+00 3.005E+14 5.238E+00 2.133E+03 7.488E+04 1.019E-09 2.669E-09 1.995E-06 3.538E-03 4.905E-05 7.044E-08 3.557E-06 6.289E+13 2.166E+06 1.340E+01
   8.250E+06 6.799E+00 2.565E+14 6.115E+00 1.845E+03 1.174E+05 1.139E-09 2.964E-09 2.218E-06 3.500E-03 4.908E-05 1.307E-07 3.244E-06 5.366E+13 1.006E+06 1.999E+01
   8.350E+06 5.714E+00 2.169E+14 6.488E+00 1.556E+03 1.523E+05 1.259E-09 3.312E-09 2.440E-06 3.483E-03 4.910E-05 2.016E-07 2.940E-06 4.535E+13 5.267E+05 2.763E+01
   8.450E+06 4.795E+00 1.838E+14 6.462E+00 1.294E+03 1.790E+05 1.377E-09 3.719E-09 2.657E-06 3.455E-03 4.913E-05 2.818E-07 2.650E-06 3.840E+13 3.074E+05 3.591E+01
   8.550E+06 4.017E+00 1.557E+14 6.074E+00 1.063E+03 1.947E+05 1.493E-09 4.194E-09 2.870E-06 3.422E-03 4.916E-05 3.655E-07 2.379E-06 3.250E+13 1.907E+05 4.420E+01
   8.650E+06 3.363E+00 1.303E+14 5.167E+00 8.534E+02 1.875E+05 1.613E-09 4.745E-09 3.076E-06 3.422E-03 4.918E-05 4.203E-07 2.129E-06 2.717E+13 1.182E+05 5.021E+01
   8.750E+06 2.815E+00 1.091E+14 4.212E+00 6.777E+02 1.717E+05 1.751E-09 5.372E-09 3.273E-06 3.423E-03 4.920E-05 4.597E-07 1.898E-06 2.271E+13 7.460E+04 5.484E+01
   8.850E+06 2.356E+00 9.132E+13 3.324E+00 5.331E+02 1.506E+05 1.945E-09 6.078E-09 3.458E-06 3.423E-03 4.923E-05 4.818E-07 1.688E-06 1.897E+13 4.753E+04 5.812E+01
   8.950E+06 1.973E+00 7.646E+13 2.570E+00 4.160E+02 1.274E+05 2.264E-09 6.870E-09 3.631E-06 3.424E-03 4.925E-05 4.869E-07 1.499E-06 1.585E+13 3.037E+04 6.046E+01
   9.050E+06 1.653E+00 6.367E+13 1.935E+00 3.208E+02 1.015E+05 2.812E-09 7.754E-09 3.792E-06 3.442E-03 4.926E-05 4.630E-07 1.329E-06 1.316E+13 1.908E+04 6.178E+01
   9.150E+06 1.386E+00 5.286E+13 1.458E+00 2.452E+02 7.704E+04 3.722E-09 8.733E-09 3.942E-06 3.474E-03 4.928E-05 4.196E-07 1.177E-06 1.089E+13 1.182E+04 6.355E+01
   9.250E+06 1.165E+00 4.418E+13 1.158E+00 1.878E+02 5.888E+04 5.129E-09 9.812E-09 4.081E-06 3.489E-03 4.930E-05 3.819E-07 1.042E-06 9.068E+12 7.430E+03 6.835E+01
   9.350E+06 9.799E-01 3.687E+13 9.535E-01 1.434E+02 4.356E+04 7.182E-09 1.100E-08 4.212E-06 3.512E-03 4.931E-05 3.365E-07 9.237E-07 7.536E+12 4.627E+03 7.623E+01
   9.450E+06 8.254E-01 3.082E+13 8.207E-01 1.097E+02 3.170E+04 1.001E-08 1.231E-08 4.335E-06 3.533E-03 4.933E-05 2.911E-07 8.209E-07 6.268E+12 2.876E+03 8.856E+01
   9.550E+06 6.962E-01 2.586E+13 7.373E-01 8.442E+01 2.300E+04 1.375E-08 1.373E-08 4.454E-06 3.547E-03 4.934E-05 2.508E-07 7.330E-07 5.230E+12 1.796E+03 1.064E+02
   9.650E+06 5.879E-01 2.167E+13 6.792E-01 6.526E+01 1.623E+04 1.856E-08 1.526E-08 4.569E-06 3.566E-03 4.935E-05 2.101E-07 6.592E-07 4.355E+12 1.110E+03 1.304E+02
   9.750E+06 4.971E-01 1.818E+13 6.402E-01 5.099E+01 1.127E+04 2.460E-08 1.689E-08 4.681E-06 3.574E-03 4.936E-05 1.734E-07 5.990E-07 3.629E+12 6.853E+02 1.616E+02
   9.850E+06 4.210E-01 1.525E+13 6.133E-01 4.034E+01 7.620E+03 3.200E-08 1.860E-08 4.792E-06 3.580E-03 4.937E-05 1.396E-07 5.521E-07 3.019E+12 4.198E+02 2.009E+02
   9.950E+06 3.571E-01 1.281E+13 5.983E-01 3.256E+01 5.119E+03 4.091E-08 2.036E-08 4.902E-06 3.585E-03 4.938E-05 1.115E-07 5.187E-07 2.514E+12 2.584E+02 2.492E+02
